****
H     0
S    1   1.00
      1.0D0    1.0D0
P    1   1.00
      1.0D0    1.0D0
****
He     0
S    1   1.00
      1.0D0    1.0D0
P    1   1.00
      1.0D0    1.0D0
****
Li     0
S    1   1.00
      1.0D0    1.0D0
S    1   1.00
      0.3D0    1.0D0
P    1   1.00
      0.3D0    1.0D0
D    1   1.00
      0.3D0    1.0D0
****
Be     0
S    1   1.00
      1.0D0    1.0D0
S    1   1.00
      0.3D0    1.0D0
P    1   1.00
      0.3D0    1.0D0
D    1   1.00
      0.3D0    1.0D0
****
B     0
S    1   1.00
      1.0D0    1.0D0
S    1   1.00
      0.3D0    1.0D0
P    1   1.00
      0.3D0    1.0D0
D    1   1.00
      0.3D0    1.0D0
****
C     0
S    1   1.00
      1.0D0    1.0D0
S    1   1.00
      0.3D0    1.0D0
P    1   1.00
      0.3D0    1.0D0
D    1   1.00
      0.3D0    1.0D0
****
N     0
S    1   1.00
      1.0D0    1.0D0
S    1   1.00
      0.3D0    1.0D0
P    1   1.00
      0.3D0    1.0D0
D    1   1.00
      0.3D0    1.0D0
****
O     0
S    1   1.00
      1.0D0    1.0D0
S    1   1.00
      0.3D0    1.0D0
P    1   1.00
      0.3D0    1.0D0
D    1   1.00
      0.3D0    1.0D0
****
F     0
S    1   1.00
      1.0D0    1.0D0
S    1   1.00
      0.3D0    1.0D0
P    1   1.00
      0.3D0    1.0D0
D    1   1.00
      0.3D0    1.0D0
****
