 -500    0    0        1.060932147152531
 -499    0    0        1.060906467800924
 -498    0    0        1.060829895510444
 -497    0    0        1.060703799164014
 -496    0    0        1.060530369482648
 -495    0    0        1.060312495762912
 -494    0    0        1.060053615932005
 -493    0    0        1.059757556416704
 -492    0    0        1.059428376606009
 -491    0    0        1.059070229049242
 -490    0    0        1.058687242173565
 -489    0    0        1.058283428236014
 -488    0    0        1.057862616049048
 -487    0    0        1.057428405938898
 -486    0    0        1.056984143323269
 -485    0    0        1.056532906996442
 -484    0    0        1.056077508418543
 -483    0    0        1.055620498789441
 -482    0    0        1.055164181277677
 -481    0    0        1.054710626360003
 -480    0    0        1.054261688750608
 -479    0    0        1.053819024834812
 -478    0    0        1.053384109867043
 -477    0    0        1.052958254455683
 -476    0    0        1.052542620050726
 -475    0    0        1.052138233287141
 -474    0    0        1.051745999132055
 -473    0    0        1.051366712845901
 -472    0    0        1.051001070807287
 -471    0    0        1.050649680274090
 -470    0    0        1.050313068164857
 -469    0    0        1.049991688948150
 -468    0    0        1.049685931726736
 -467    0    0        1.049396126599276
 -466    0    0        1.049122550376152
 -465    0    0        1.048865431719775
 -464    0    0        1.048624955772868
 -463    0    0        1.048401268330917
 -462    0    0        1.048194479609717
 -461    0    0        1.048004667652002
 -460    0    0        1.047831881412598
 -459    0    0        1.047676143556503
 -458    0    0        1.047537453000051
 -457    0    0        1.047415787221765
 -456    0    0        1.047311104366180
 -455    0    0        1.047223345160967
 -454    0    0        1.047152434665654
 -453    0    0        1.047098283867456
 -452    0    0        1.047060791138478
 -451    0    0        1.047039843566696
 -450    0    0        1.047035318171640
 -449    0    0        1.047047083014879
 -448    0    0        1.047074998213798
 -447    0    0        1.047118916867012
 -446    0    0        1.047178685898250
 -445    0    0        1.047254146825194
 -444    0    0        1.047345136459534
 -443    0    0        1.047451487543060
 -442    0    0        1.047573029325106
 -441    0    0        1.047709588085687
 -440    0    0        1.047860987608511
 -439    0    0        1.048027049607653
 -438    0    0        1.048207594111426
 -437    0    0        1.048402439806861
 -436    0    0        1.048611404347547
 -435    0    0        1.048834304627976
 -434    0    0        1.049070957026820
 -433    0    0        1.049321177621608
 -432    0    0        1.049584782377166
 -431    0    0        1.049861587309917
 -430    0    0        1.050151408630011
 -429    0    0        1.050454062863044
 -428    0    0        1.050769366953353
 -427    0    0        1.051097138350215
 -426    0    0        1.051437195078591
 -425    0    0        1.051789355795886
 -424    0    0        1.052153439835822
 -423    0    0        1.052529267240876
 -422    0    0        1.052916658784119
 -421    0    0        1.053315435981887
 -420    0    0        1.053725421097841
 -419    0    0        1.054146437139625
 -418    0    0        1.054578307848757
 -417    0    0        1.055020857684566
 -416    0    0        1.055473911803059
 -415    0    0        1.055937296030794
 -414    0    0        1.056410836835196
 -413    0    0        1.056894361290940
 -412    0    0        1.057387697043563
 -411    0    0        1.057890672270377
 -410    0    0        1.058403115639064
 -409    0    0        1.058924856264421
 -408    0    0        1.059455723663463
 -407    0    0        1.059995547708972
 -406    0    0        1.060544158582068
 -405    0    0        1.061101386723392
 -404    0    0        1.061667062783552
 -403    0    0        1.062241017572483
 -402    0    0        1.062823082008027
 -401    0    0        1.063413087063548
 -400    0    0        1.064010863714405
 -399    0    0        1.064616242883677
 -398    0    0        1.065229055386307
 -397    0    0        1.065849131871946
 -396    0    0        1.066476302766354
 -395    0    0        1.067110398210427
 -394    0    0        1.067751247997409
 -393    0    0        1.068398681507391
 -392    0    0        1.069052527638636
 -391    0    0        1.069712614735608
 -390    0    0        1.070378770513194
 -389    0    0        1.071050821976181
 -388    0    0        1.071728595333878
 -387    0    0        1.072411915908957
 -386    0    0        1.073100608040002
 -385    0    0        1.073794494976892
 -384    0    0        1.074493398768308
 -383    0    0        1.075197140140631
 -382    0    0        1.075905538367132
 -381    0    0        1.076618411126845
 -380    0    0        1.077335574351517
 -379    0    0        1.078056842060699
 -378    0    0        1.078782026182469
 -377    0    0        1.079510936360027
 -376    0    0        1.080243379741648
 -375    0    0        1.080979160754086
 -374    0    0        1.081718080856760
 -373    0    0        1.082459938276403
 -372    0    0        1.083204527720020
 -371    0    0        1.083951640064936
 -370    0    0        1.084701062024393
 -369    0    0        1.085452575786670
 -368    0    0        1.086205958626343
 -367    0    0        1.086960982485540
 -366    0    0        1.087717413523255
 -365    0    0        1.088475011630917
 -364    0    0        1.089233529911453
 -363    0    0        1.089992714120136
 -362    0    0        1.090752302064077
 -361    0    0        1.091512022958175
 -360    0    0        1.092271596734325
 -359    0    0        1.093030733300912
 -358    0    0        1.093789131749122
 -357    0    0        1.094546479502769
 -356    0    0        1.095302451406916
 -355    0    0        1.096056708751799
 -354    0    0        1.096808898226961
 -353    0    0        1.097558650800314
 -352    0    0        1.098305580516427
 -351    0    0        1.099049283208459
 -350    0    0        1.099789335115657
 -349    0    0        1.100525291400094
 -348    0    0        1.101256684553611
 -347    0    0        1.101983022685798
 -346    0    0        1.102703787683517
 -345    0    0        1.103418433230283
 -344    0    0        1.104126382673596
 -343    0    0        1.104827026727311
 -342    0    0        1.105519720994100
 -341    0    0        1.106203783292577
 -340    0    0        1.106878490772398
 -339    0    0        1.107543076798690
 -338    0    0        1.108196727586847
 -337    0    0        1.108838578567151
 -336    0    0        1.109467710458247
 -335    0    0        1.110083145027189
 -334    0    0        1.110683840515174
 -333    0    0        1.111268686707193
 -332    0    0        1.111836499626848
 -331    0    0        1.112386015839844
 -330    0    0        1.112915886354385
 -329    0    0        1.113424670114596
 -328    0    0        1.113910827092450
 -327    0    0        1.114372710998449
 -326    0    0        1.114808561649817
 -325    0    0        1.115216497062497
 -324    0    0        1.115594505364303
 -323    0    0        1.115940436673920
 -322    0    0        1.116251995144294
 -321    0    0        1.116526731442092
 -320    0    0        1.116762036023357
 -319    0    0        1.116955133676540
 -318    0    0        1.117103079936223
 -317    0    0        1.117202760130625
 -316    0    0        1.117250892009005
 -315    0    0        1.117244033103473
 -314    0    0        1.117178594203134
 -313    0    0        1.117050860551181
 -312    0    0        1.116857022589829
 -311    0    0        1.116593218253634
 -310    0    0        1.116255588899751
 -309    0    0        1.115840350916887
 -308    0    0        1.115343884803815
 -307    0    0        1.114762842987420
 -306    0    0        1.114094276787683
 -305    0    0        1.113335781690340
 -304    0    0        1.112485658438665
 -303    0    0        1.111543085454384
 -302    0    0        1.110508295870749
 -301    0    0        1.109382750193650
 -300    0    0        1.108169293589075
 -299    0    0        1.106872285303094
 -298    0    0        1.105497687041334
 -297    0    0        1.104053097464824
 -296    0    0        1.102547721376940
 -295    0    0        1.100992264680033
 -294    0    0        1.099398749692973
 -293    0    0        1.097780249919828
 -292    0    0        1.096150548829271
 -291    0    0        1.094523733706266
 -290    0    0        1.092913742967081
 -289    0    0        1.091333892913382
 -288    0    0        1.089796416487189
 -287    0    0        1.088312050378420
 -286    0    0        1.086889705931004
 -285    0    0        1.085536252517006
 -284    0    0        1.084256429744878
 -283    0    0        1.083052889164553
 -282    0    0        1.081926350429539
 -281    0    0        1.080875844673057
 -280    0    0        1.079899011464291
 -279    0    0        1.078992415634307
 -278    0    0        1.078151855256578
 -277    0    0        1.077372639977627
 -276    0    0        1.076649827462007
 -275    0    0        1.075978413280695
 -274    0    0        1.075353475245112
 -273    0    0        1.074770276794151
 -272    0    0        1.074224335849399
 -271    0    0        1.073711466021386
 -270    0    0        1.073227796673135
 -269    0    0        1.072769777510946
 -268    0    0        1.072334172368674
 -267    0    0        1.071918045859419
 -266    0    0        1.071518745677053
 -265    0    0        1.071133882586074
 -264    0    0        1.070761309542238
 -263    0    0        1.070399100927357
 -262    0    0        1.070045532537358
 -261    0    0        1.069699062712466
 -260    0    0        1.069358314820807
 -259    0    0        1.069022061183584
 -258    0    0        1.068689208446934
 -257    0    0        1.068358784354642
 -256    0    0        1.068029925841717
 -255    0    0        1.067701868352781
 -254    0    0        1.067373936281407
 -253    0    0        1.067045534425518
 -252    0    0        1.066716140356861
 -251    0    0        1.066385297608493
 -250    0    0        1.066052609591400
 -249    0    0        1.065717734158387
 -248    0    0        1.065380378741658
 -247    0    0        1.065040295997620
 -246    0    0        1.064697279899530
 -245    0    0        1.064351162225173
 -244    0    0        1.064001809392813
 -243    0    0        1.063649119603715
 -242    0    0        1.063293020254977
 -241    0    0        1.062933465589935
 -240    0    0        1.062570434558273
 -239    0    0        1.062203928860283
 -238    0    0        1.061833971153945
 -237    0    0        1.061460603405070
 -236    0    0        1.061083885364042
 -235    0    0        1.060703893154200
 -234    0    0        1.060320717959112
 -233    0    0        1.059934464797655
 -232    0    0        1.059545251376749
 -231    0    0        1.059153207013871
 -230    0    0        1.058758471621510
 -229    0    0        1.058361194747687
 -228    0    0        1.057961534666814
 -227    0    0        1.057559657516465
 -226    0    0        1.057155736476141
 -225    0    0        1.056749950984536
 -224    0    0        1.056342485992696
 -223    0    0        1.055933531250717
 -222    0    0        1.055523280625996
 -221    0    0        1.055111931451434
 -220    0    0        1.054699683902380
 -219    0    0        1.054286740401437
 -218    0    0        1.053873305049819
 -217    0    0        1.053459583085233
 -216    0    0        1.053045780365262
 -215    0    0        1.052632102876135
 -214    0    0        1.052218756266548
 -213    0    0        1.051805945405999
 -212    0    0        1.051393873967883
 -211    0    0        1.050982744036657
 -210    0    0        1.050572755739220
 -209    0    0        1.050164106900152
 -208    0    0        1.049756992720617
 -207    0    0        1.049351605480589
 -206    0    0        1.048948134264337
 -205    0    0        1.048546764708512
 -204    0    0        1.048147678772743
 -203    0    0        1.047751054532114
 -202    0    0        1.047357065991209
 -201    0    0        1.046965882919059
 -200    0    0        1.046577670704475
 -199    0    0        1.046192590231251
 -198    0    0        1.045810797772396
 -197    0    0        1.045432444902824
 -196    0    0        1.045057678429832
 -195    0    0        1.044686640340369
 -194    0    0        1.044319467764636
 -193    0    0        1.043956292955038
 -192    0    0        1.043597243279583
 -191    0    0        1.043242441229152
 -190    0    0        1.042892004437671
 -189    0    0        1.042546045714276
 -188    0    0        1.042204673086862
 -187    0    0        1.041867989856056
 -186    0    0        1.041536094658829
 -185    0    0        1.041209081541015
 -184    0    0        1.040887040038000
 -183    0    0        1.040570055262746
 -182    0    0        1.040258208000511
 -181    0    0        1.039951574809611
 -180    0    0        1.039650228127574
 -179    0    0        1.039354236381982
 -178    0    0        1.039063664105525
 -177    0    0        1.038778572054703
 -176    0    0        1.038499017331694
 -175    0    0        1.038225053508814
 -174    0    0        1.037956730755310
 -173    0    0        1.037694095965952
 -172    0    0        1.037437192891166
 -171    0    0        1.037186062268320
 -170    0    0        1.036940741954001
 -169    0    0        1.036701267056909
 -168    0    0        1.036467670071316
 -167    0    0        1.036239981010699
 -166    0    0        1.036018227541779
 -165    0    0        1.035802435118462
 -164    0    0        1.035592627115928
 -163    0    0        1.035388824964721
 -162    0    0        1.035191048284810
 -161    0    0        1.034999315019691
 -160    0    0        1.034813641570654
 -159    0    0        1.034634042931179
 -158    0    0        1.034460532821641
 -157    0    0        1.034293123824551
 -156    0    0        1.034131827520229
 -155    0    0        1.033976654623500
 -154    0    0        1.033827615121204
 -153    0    0        1.033684718411030
 -152    0    0        1.033547973441842
 -151    0    0        1.033417388855715
 -150    0    0        1.033292973132015
 -149    0    0        1.033174734733802
 -148    0    0        1.033062682256885
 -147    0    0        1.032956824581819
 -146    0    0        1.032857171029197
 -145    0    0        1.032763731518556
 -144    0    0        1.032676516731307
 -143    0    0        1.032595538277962
 -142    0    0        1.032520808870039
 -141    0    0        1.032452342497060
 -140    0    0        1.032390154608887
 -139    0    0        1.032334262303850
 -138    0    0        1.032284684522921
 -137    0    0        1.032241442250349
 -136    0    0        1.032204558720941
 -135    0    0        1.032174059634413
 -134    0    0        1.032149973376885
 -133    0    0        1.032132331250055
 -132    0    0        1.032121167707745
 -131    0    0        1.032116520600401
 -130    0    0        1.032118431427339
 -129    0    0        1.032126945596721
 -128    0    0        1.032142112693204
 -127    0    0        1.032163986752943
 -126    0    0        1.032192626545600
 -125    0    0        1.032228095862754
 -124    0    0        1.032270463811949
 -123    0    0        1.032319805115473
 -122    0    0        1.032376200412447
 -121    0    0        1.032439736562698
 -120    0    0        1.032510506950544
 -119    0    0        1.032588611785721
 -118    0    0        1.032674158398854
 -117    0    0        1.032767261527617
 -116    0    0        1.032868043589463
 -115    0    0        1.032976634935475
 -114    0    0        1.033093174079625
 -113    0    0        1.033217807895843
 -112    0    0        1.033350691774535
 -111    0    0        1.033491989728504
 -110    0    0        1.033641874436570
 -109    0    0        1.033800527211348
 -108    0    0        1.033968137875334
 -107    0    0        1.034144904527335
 -106    0    0        1.034331033178288
 -105    0    0        1.034526737232955
 -104    0    0        1.034732236790744
 -103    0    0        1.034947757735472
 -102    0    0        1.035173530580898
 -101    0    0        1.035409789035278
 -100    0    0        1.035656768245009
  -99    0    0        1.035914702675165
  -98    0    0        1.036183823582551
  -97    0    0        1.036464356036548
  -96    0    0        1.036756515444208
  -95    0    0        1.037060503540265
  -94    0    0        1.037376503809642
  -93    0    0        1.037704676322580
  -92    0    0        1.038045151980046
  -91    0    0        1.038398026192258
  -90    0    0        1.038763352046502
  -89    0    0        1.039141133063925
  -88    0    0        1.039531315698519
  -87    0    0        1.039933781795766
  -86    0    0        1.040348341302153
  -85    0    0        1.040774725596380
  -84    0    0        1.041212581894640
  -83    0    0        1.041661469255928
  -82    0    0        1.042120856770017
  -81    0    0        1.042590124534273
  -80    0    0        1.043068568002963
  -79    0    0        1.043555406205795
  -78    0    0        1.044049794172320
  -77    0    0        1.044550839658629
  -76    0    0        1.045057623960653
  -75    0    0        1.045569226235173
  -74    0    0        1.046084750371943
  -73    0    0        1.046603353117506
  -72    0    0        1.047124271896239
  -71    0    0        1.047646850657449
  -70    0    0        1.048170562128430
  -69    0    0        1.048695025082094
  -68    0    0        1.049220015606139
  -67    0    0        1.049745471841868
  -66    0    0        1.050271492175717
  -65    0    0        1.050798327347185
  -64    0    0        1.051326367325344
  -63    0    0        1.051856124064292
  -62    0    0        1.052388211367101
  -61    0    0        1.052923323075740
  -60    0    0        1.053462210691538
  -59    0    0        1.054005661348567
  -58    0    0        1.054554476850976
  -57    0    0        1.055109454267736
  -56    0    0        1.055671368384021
  -55    0    0        1.056240956143268
  -54    0    0        1.056818903088899
  -53    0    0        1.057405831725091
  -52    0    0        1.058002291660729
  -51    0    0        1.058608751372160
  -50    0    0        1.059225591413122
  -49    0    0        1.059853098906272
  -48    0    0        1.060491463168344
  -47    0    0        1.061140772340634
  -46    0    0        1.061801010920810
  -45    0    0        1.062472058113508
  -44    0    0        1.063153686937203
  -43    0    0        1.063845564042657
  -42    0    0        1.064547250210679
  -41    0    0        1.065258201507040
  -40    0    0        1.065977771078634
  -39    0    0        1.066705211577569
  -38    0    0        1.067439678199822
  -37    0    0        1.068180232323035
  -36    0    0        1.068925845723679
  -35    0    0        1.069675405348125
  -34    0    0        1.070427718606840
  -33    0    0        1.071181519153380
  -32    0    0        1.071935473104647
  -31    0    0        1.072688185652495
  -30    0    0        1.073438208012406
  -29    0    0        1.074184044650947
  -28    0    0        1.074924160731634
  -27    0    0        1.075656989717093
  -26    0    0        1.076380941065832
  -25    0    0        1.077094407963874
  -24    0    0        1.077795775032503
  -23    0    0        1.078483425958297
  -22    0    0        1.079155750995155
  -21    0    0        1.079811154292892
  -20    0    0        1.080448061012052
  -19    0    0        1.081064924190672
  -18    0    0        1.081660231333163
  -17    0    0        1.082232510697870
  -16    0    0        1.082780337264289
  -15    0    0        1.083302338365827
  -14    0    0        1.083797198978442
  -13    0    0        1.084263666659274
  -12    0    0        1.084700556132762
  -11    0    0        1.085106753524363
  -10    0    0        1.085481220244388
   -9    0    0        1.085822996526370
   -8    0    0        1.086131204625731
   -7    0    0        1.086405051684687
   -6    0    0        1.086643832271180
   -5    0    0        1.086846930598390
   -4    0    0        1.087013822431965
   -3    0    0        1.087144076691707
   -2    0    0        1.087237356753137
   -1    0    0        1.087293421454595
    0    0    0        1.087312125813467
    1    0    0        1.087293421454595
    2    0    0        1.087237356753137
    3    0    0        1.087144076691707
    4    0    0        1.087013822431965
    5    0    0        1.086846930598390
    6    0    0        1.086643832271180
    7    0    0        1.086405051684687
    8    0    0        1.086131204625731
    9    0    0        1.085822996526370
   10    0    0        1.085481220244388
   11    0    0        1.085106753524363
   12    0    0        1.084700556132762
   13    0    0        1.084263666659274
   14    0    0        1.083797198978442
   15    0    0        1.083302338365827
   16    0    0        1.082780337264289
   17    0    0        1.082232510697870
   18    0    0        1.081660231333163
   19    0    0        1.081064924190672
   20    0    0        1.080448061012052
   21    0    0        1.079811154292892
   22    0    0        1.079155750995155
   23    0    0        1.078483425958297
   24    0    0        1.077795775032503
   25    0    0        1.077094407963874
   26    0    0        1.076380941065832
   27    0    0        1.075656989717093
   28    0    0        1.074924160731634
   29    0    0        1.074184044650947
   30    0    0        1.073438208012406
   31    0    0        1.072688185652495
   32    0    0        1.071935473104647
   33    0    0        1.071181519153380
   34    0    0        1.070427718606840
   35    0    0        1.069675405348125
   36    0    0        1.068925845723679
   37    0    0        1.068180232323035
   38    0    0        1.067439678199822
   39    0    0        1.066705211577569
   40    0    0        1.065977771078634
   41    0    0        1.065258201507040
   42    0    0        1.064547250210679
   43    0    0        1.063845564042657
   44    0    0        1.063153686937203
   45    0    0        1.062472058113508
   46    0    0        1.061801010920810
   47    0    0        1.061140772340634
   48    0    0        1.060491463168344
   49    0    0        1.059853098906272
   50    0    0        1.059225591413122
   51    0    0        1.058608751372160
   52    0    0        1.058002291660729
   53    0    0        1.057405831725091
   54    0    0        1.056818903088899
   55    0    0        1.056240956143268
   56    0    0        1.055671368384021
   57    0    0        1.055109454267736
   58    0    0        1.054554476850976
   59    0    0        1.054005661348567
   60    0    0        1.053462210691538
   61    0    0        1.052923323075740
   62    0    0        1.052388211367101
   63    0    0        1.051856124064292
   64    0    0        1.051326367325344
   65    0    0        1.050798327347185
   66    0    0        1.050271492175717
   67    0    0        1.049745471841868
   68    0    0        1.049220015606139
   69    0    0        1.048695025082094
   70    0    0        1.048170562128430
   71    0    0        1.047646850657449
   72    0    0        1.047124271896239
   73    0    0        1.046603353117506
   74    0    0        1.046084750371943
   75    0    0        1.045569226235173
   76    0    0        1.045057623960653
   77    0    0        1.044550839658629
   78    0    0        1.044049794172320
   79    0    0        1.043555406205795
   80    0    0        1.043068568002963
   81    0    0        1.042590124534273
   82    0    0        1.042120856770017
   83    0    0        1.041661469255928
   84    0    0        1.041212581894640
   85    0    0        1.040774725596380
   86    0    0        1.040348341302153
   87    0    0        1.039933781795766
   88    0    0        1.039531315698519
   89    0    0        1.039141133063925
   90    0    0        1.038763352046502
   91    0    0        1.038398026192258
   92    0    0        1.038045151980046
   93    0    0        1.037704676322580
   94    0    0        1.037376503809642
   95    0    0        1.037060503540265
   96    0    0        1.036756515444208
   97    0    0        1.036464356036548
   98    0    0        1.036183823582551
   99    0    0        1.035914702675165
  100    0    0        1.035656768245009
  101    0    0        1.035409789035278
  102    0    0        1.035173530580898
  103    0    0        1.034947757735472
  104    0    0        1.034732236790744
  105    0    0        1.034526737232955
  106    0    0        1.034331033178288
  107    0    0        1.034144904527335
  108    0    0        1.033968137875334
  109    0    0        1.033800527211348
  110    0    0        1.033641874436570
  111    0    0        1.033491989728504
  112    0    0        1.033350691774535
  113    0    0        1.033217807895843
  114    0    0        1.033093174079625
  115    0    0        1.032976634935475
  116    0    0        1.032868043589463
  117    0    0        1.032767261527617
  118    0    0        1.032674158398854
  119    0    0        1.032588611785721
  120    0    0        1.032510506950544
  121    0    0        1.032439736562698
  122    0    0        1.032376200412447
  123    0    0        1.032319805115473
  124    0    0        1.032270463811949
  125    0    0        1.032228095862754
  126    0    0        1.032192626545600
  127    0    0        1.032163986752943
  128    0    0        1.032142112693204
  129    0    0        1.032126945596721
  130    0    0        1.032118431427339
  131    0    0        1.032116520600401
  132    0    0        1.032121167707745
  133    0    0        1.032132331250055
  134    0    0        1.032149973376885
  135    0    0        1.032174059634413
  136    0    0        1.032204558720941
  137    0    0        1.032241442250349
  138    0    0        1.032284684522921
  139    0    0        1.032334262303850
  140    0    0        1.032390154608887
  141    0    0        1.032452342497060
  142    0    0        1.032520808870039
  143    0    0        1.032595538277962
  144    0    0        1.032676516731307
  145    0    0        1.032763731518556
  146    0    0        1.032857171029197
  147    0    0        1.032956824581819
  148    0    0        1.033062682256885
  149    0    0        1.033174734733802
  150    0    0        1.033292973132015
  151    0    0        1.033417388855715
  152    0    0        1.033547973441842
  153    0    0        1.033684718411030
  154    0    0        1.033827615121204
  155    0    0        1.033976654623500
  156    0    0        1.034131827520229
  157    0    0        1.034293123824551
  158    0    0        1.034460532821641
  159    0    0        1.034634042931179
  160    0    0        1.034813641570654
  161    0    0        1.034999315019691
  162    0    0        1.035191048284810
  163    0    0        1.035388824964721
  164    0    0        1.035592627115928
  165    0    0        1.035802435118462
  166    0    0        1.036018227541779
  167    0    0        1.036239981010699
  168    0    0        1.036467670071316
  169    0    0        1.036701267056909
  170    0    0        1.036940741954001
  171    0    0        1.037186062268320
  172    0    0        1.037437192891166
  173    0    0        1.037694095965952
  174    0    0        1.037956730755310
  175    0    0        1.038225053508814
  176    0    0        1.038499017331694
  177    0    0        1.038778572054703
  178    0    0        1.039063664105525
  179    0    0        1.039354236381982
  180    0    0        1.039650228127574
  181    0    0        1.039951574809611
  182    0    0        1.040258208000511
  183    0    0        1.040570055262746
  184    0    0        1.040887040038000
  185    0    0        1.041209081541015
  186    0    0        1.041536094658829
  187    0    0        1.041867989856056
  188    0    0        1.042204673086862
  189    0    0        1.042546045714276
  190    0    0        1.042892004437671
  191    0    0        1.043242441229152
  192    0    0        1.043597243279583
  193    0    0        1.043956292955038
  194    0    0        1.044319467764636
  195    0    0        1.044686640340369
  196    0    0        1.045057678429832
  197    0    0        1.045432444902824
  198    0    0        1.045810797772396
  199    0    0        1.046192590231251
  200    0    0        1.046577670704475
  201    0    0        1.046965882919059
  202    0    0        1.047357065991209
  203    0    0        1.047751054532114
  204    0    0        1.048147678772743
  205    0    0        1.048546764708512
  206    0    0        1.048948134264337
  207    0    0        1.049351605480589
  208    0    0        1.049756992720617
  209    0    0        1.050164106900152
  210    0    0        1.050572755739220
  211    0    0        1.050982744036657
  212    0    0        1.051393873967883
  213    0    0        1.051805945405999
  214    0    0        1.052218756266548
  215    0    0        1.052632102876135
  216    0    0        1.053045780365262
  217    0    0        1.053459583085233
  218    0    0        1.053873305049819
  219    0    0        1.054286740401437
  220    0    0        1.054699683902380
  221    0    0        1.055111931451434
  222    0    0        1.055523280625996
  223    0    0        1.055933531250717
  224    0    0        1.056342485992696
  225    0    0        1.056749950984536
  226    0    0        1.057155736476141
  227    0    0        1.057559657516465
  228    0    0        1.057961534666814
  229    0    0        1.058361194747687
  230    0    0        1.058758471621510
  231    0    0        1.059153207013871
  232    0    0        1.059545251376749
  233    0    0        1.059934464797655
  234    0    0        1.060320717959112
  235    0    0        1.060703893154200
  236    0    0        1.061083885364042
  237    0    0        1.061460603405070
  238    0    0        1.061833971153945
  239    0    0        1.062203928860283
  240    0    0        1.062570434558273
  241    0    0        1.062933465589935
  242    0    0        1.063293020254977
  243    0    0        1.063649119603715
  244    0    0        1.064001809392813
  245    0    0        1.064351162225173
  246    0    0        1.064697279899530
  247    0    0        1.065040295997620
  248    0    0        1.065380378741658
  249    0    0        1.065717734158387
  250    0    0        1.066052609591400
  251    0    0        1.066385297608493
  252    0    0        1.066716140356861
  253    0    0        1.067045534425518
  254    0    0        1.067373936281407
  255    0    0        1.067701868352781
  256    0    0        1.068029925841717
  257    0    0        1.068358784354642
  258    0    0        1.068689208446934
  259    0    0        1.069022061183584
  260    0    0        1.069358314820807
  261    0    0        1.069699062712466
  262    0    0        1.070045532537358
  263    0    0        1.070399100927357
  264    0    0        1.070761309542238
  265    0    0        1.071133882586074
  266    0    0        1.071518745677053
  267    0    0        1.071918045859419
  268    0    0        1.072334172368674
  269    0    0        1.072769777510946
  270    0    0        1.073227796673135
  271    0    0        1.073711466021386
  272    0    0        1.074224335849399
  273    0    0        1.074770276794151
  274    0    0        1.075353475245112
  275    0    0        1.075978413280695
  276    0    0        1.076649827462007
  277    0    0        1.077372639977627
  278    0    0        1.078151855256578
  279    0    0        1.078992415634307
  280    0    0        1.079899011464291
  281    0    0        1.080875844673057
  282    0    0        1.081926350429539
  283    0    0        1.083052889164553
  284    0    0        1.084256429744878
  285    0    0        1.085536252517006
  286    0    0        1.086889705931004
  287    0    0        1.088312050378420
  288    0    0        1.089796416487189
  289    0    0        1.091333892913382
  290    0    0        1.092913742967081
  291    0    0        1.094523733706266
  292    0    0        1.096150548829271
  293    0    0        1.097780249919828
  294    0    0        1.099398749692973
  295    0    0        1.100992264680033
  296    0    0        1.102547721376940
  297    0    0        1.104053097464824
  298    0    0        1.105497687041334
  299    0    0        1.106872285303094
  300    0    0        1.108169293589075
  301    0    0        1.109382750193650
  302    0    0        1.110508295870749
  303    0    0        1.111543085454384
  304    0    0        1.112485658438665
  305    0    0        1.113335781690340
  306    0    0        1.114094276787683
  307    0    0        1.114762842987420
  308    0    0        1.115343884803815
  309    0    0        1.115840350916887
  310    0    0        1.116255588899751
  311    0    0        1.116593218253634
  312    0    0        1.116857022589829
  313    0    0        1.117050860551181
  314    0    0        1.117178594203134
  315    0    0        1.117244033103473
  316    0    0        1.117250892009005
  317    0    0        1.117202760130625
  318    0    0        1.117103079936223
  319    0    0        1.116955133676540
  320    0    0        1.116762036023357
  321    0    0        1.116526731442092
  322    0    0        1.116251995144294
  323    0    0        1.115940436673920
  324    0    0        1.115594505364303
  325    0    0        1.115216497062497
  326    0    0        1.114808561649817
  327    0    0        1.114372710998449
  328    0    0        1.113910827092450
  329    0    0        1.113424670114596
  330    0    0        1.112915886354385
  331    0    0        1.112386015839844
  332    0    0        1.111836499626848
  333    0    0        1.111268686707193
  334    0    0        1.110683840515174
  335    0    0        1.110083145027189
  336    0    0        1.109467710458247
  337    0    0        1.108838578567151
  338    0    0        1.108196727586847
  339    0    0        1.107543076798690
  340    0    0        1.106878490772398
  341    0    0        1.106203783292577
  342    0    0        1.105519720994100
  343    0    0        1.104827026727311
  344    0    0        1.104126382673596
  345    0    0        1.103418433230283
  346    0    0        1.102703787683517
  347    0    0        1.101983022685798
  348    0    0        1.101256684553611
  349    0    0        1.100525291400094
  350    0    0        1.099789335115657
  351    0    0        1.099049283208459
  352    0    0        1.098305580516427
  353    0    0        1.097558650800314
  354    0    0        1.096808898226961
  355    0    0        1.096056708751799
  356    0    0        1.095302451406916
  357    0    0        1.094546479502769
  358    0    0        1.093789131749122
  359    0    0        1.093030733300912
  360    0    0        1.092271596734325
  361    0    0        1.091512022958175
  362    0    0        1.090752302064077
  363    0    0        1.089992714120136
  364    0    0        1.089233529911453
  365    0    0        1.088475011630917
  366    0    0        1.087717413523255
  367    0    0        1.086960982485540
  368    0    0        1.086205958626343
  369    0    0        1.085452575786670
  370    0    0        1.084701062024393
  371    0    0        1.083951640064936
  372    0    0        1.083204527720020
  373    0    0        1.082459938276403
  374    0    0        1.081718080856760
  375    0    0        1.080979160754086
  376    0    0        1.080243379741648
  377    0    0        1.079510936360027
  378    0    0        1.078782026182469
  379    0    0        1.078056842060699
  380    0    0        1.077335574351517
  381    0    0        1.076618411126845
  382    0    0        1.075905538367132
  383    0    0        1.075197140140631
  384    0    0        1.074493398768308
  385    0    0        1.073794494976892
  386    0    0        1.073100608040002
  387    0    0        1.072411915908957
  388    0    0        1.071728595333878
  389    0    0        1.071050821976181
  390    0    0        1.070378770513194
  391    0    0        1.069712614735608
  392    0    0        1.069052527638636
  393    0    0        1.068398681507391
  394    0    0        1.067751247997409
  395    0    0        1.067110398210427
  396    0    0        1.066476302766354
  397    0    0        1.065849131871946
  398    0    0        1.065229055386307
  399    0    0        1.064616242883677
  400    0    0        1.064010863714405
  401    0    0        1.063413087063548
  402    0    0        1.062823082008027
  403    0    0        1.062241017572483
  404    0    0        1.061667062783552
  405    0    0        1.061101386723392
  406    0    0        1.060544158582068
  407    0    0        1.059995547708972
  408    0    0        1.059455723663463
  409    0    0        1.058924856264421
  410    0    0        1.058403115639064
  411    0    0        1.057890672270377
  412    0    0        1.057387697043563
  413    0    0        1.056894361290940
  414    0    0        1.056410836835196
  415    0    0        1.055937296030794
  416    0    0        1.055473911803059
  417    0    0        1.055020857684566
  418    0    0        1.054578307848757
  419    0    0        1.054146437139625
  420    0    0        1.053725421097841
  421    0    0        1.053315435981887
  422    0    0        1.052916658784119
  423    0    0        1.052529267240876
  424    0    0        1.052153439835822
  425    0    0        1.051789355795886
  426    0    0        1.051437195078591
  427    0    0        1.051097138350215
  428    0    0        1.050769366953353
  429    0    0        1.050454062863044
  430    0    0        1.050151408630011
  431    0    0        1.049861587309917
  432    0    0        1.049584782377166
  433    0    0        1.049321177621608
  434    0    0        1.049070957026820
  435    0    0        1.048834304627976
  436    0    0        1.048611404347547
  437    0    0        1.048402439806861
  438    0    0        1.048207594111426
  439    0    0        1.048027049607653
  440    0    0        1.047860987608511
  441    0    0        1.047709588085687
  442    0    0        1.047573029325106
  443    0    0        1.047451487543060
  444    0    0        1.047345136459534
  445    0    0        1.047254146825194
  446    0    0        1.047178685898250
  447    0    0        1.047118916867012
  448    0    0        1.047074998213798
  449    0    0        1.047047083014879
  450    0    0        1.047035318171640
  451    0    0        1.047039843566696
  452    0    0        1.047060791138478
  453    0    0        1.047098283867456
  454    0    0        1.047152434665654
  455    0    0        1.047223345160967
  456    0    0        1.047311104366180
  457    0    0        1.047415787221765
  458    0    0        1.047537453000051
  459    0    0        1.047676143556503
  460    0    0        1.047831881412598
  461    0    0        1.048004667652002
  462    0    0        1.048194479609717
  463    0    0        1.048401268330917
  464    0    0        1.048624955772868
  465    0    0        1.048865431719775
  466    0    0        1.049122550376152
  467    0    0        1.049396126599276
  468    0    0        1.049685931726736
  469    0    0        1.049991688948150
  470    0    0        1.050313068164857
  471    0    0        1.050649680274090
  472    0    0        1.051001070807287
  473    0    0        1.051366712845901
  474    0    0        1.051745999132055
  475    0    0        1.052138233287141
  476    0    0        1.052542620050726
  477    0    0        1.052958254455683
  478    0    0        1.053384109867043
  479    0    0        1.053819024834812
  480    0    0        1.054261688750608
  481    0    0        1.054710626360003
  482    0    0        1.055164181277677
  483    0    0        1.055620498789441
  484    0    0        1.056077508418543
  485    0    0        1.056532906996442
  486    0    0        1.056984143323269
  487    0    0        1.057428405938898
  488    0    0        1.057862616049048
  489    0    0        1.058283428236014
  490    0    0        1.058687242173565
  491    0    0        1.059070229049242
  492    0    0        1.059428376606009
  493    0    0        1.059757556416704
  494    0    0        1.060053615932005
  495    0    0        1.060312495762912
  496    0    0        1.060530369482648
  497    0    0        1.060703799164014
  498    0    0        1.060829895510444
  499    0    0        1.060906467800924
  500    0    0        1.060932147152531
