 -500    0    0        0.125257694780643
 -499    0    0        0.125270802915544
 -498    0    0        0.125310125404592
 -497    0    0        0.125375656488837
 -496    0    0        0.125467386530534
 -495    0    0        0.125585301955210
 -494    0    0        0.125729385173216
 -493    0    0        0.125899614483186
 -492    0    0        0.126095963960426
 -491    0    0        0.126318403333581
 -490    0    0        0.126566897853238
 -489    0    0        0.126841408156130
 -488    0    0        0.127141890128678
 -487    0    0        0.127468294773347
 -486    0    0        0.127820568081067
 -485    0    0        0.128198650912619
 -484    0    0        0.128602478891351
 -483    0    0        0.129031982309269
 -482    0    0        0.129487086047899
 -481    0    0        0.129967709514903
 -480    0    0        0.130473766596955
 -479    0    0        0.131005165628886
 -478    0    0        0.131561809378768
 -477    0    0        0.132143595048223
 -476    0    0        0.132750414287026
 -475    0    0        0.133382153220691
 -474    0    0        0.134038692489755
 -473    0    0        0.134719907299192
 -472    0    0        0.135425667476368
 -471    0    0        0.136155837535917
 -470    0    0        0.136910276749891
 -469    0    0        0.137688839221517
 -468    0    0        0.138491373960978
 -467    0    0        0.139317724961609
 -466    0    0        0.140167731274937
 -465    0    0        0.141041227083027
 -464    0    0        0.141938041766598
 -463    0    0        0.142857999967326
 -462    0    0        0.143800921642722
 -461    0    0        0.144766622111906
 -460    0    0        0.145754912090419
 -459    0    0        0.146765597712087
 -458    0    0        0.147798480535654
 -457    0    0        0.148853357533610
 -456    0    0        0.149930021060240
 -455    0    0        0.151028258795286
 -454    0    0        0.152147853659107
 -453    0    0        0.153288583694196
 -452    0    0        0.154450221907002
 -451    0    0        0.155632536062558
 -450    0    0        0.156835288422740
 -449    0    0        0.158058235416945
 -448    0    0        0.159301127231111
 -447    0    0        0.160563707297683
 -446    0    0        0.161845711664559
 -445    0    0        0.163146868215467
 -444    0    0        0.164466895706666
 -443    0    0        0.165805502575137
 -442    0    0        0.167162385460717
 -441    0    0        0.168537227367386
 -440    0    0        0.169929695366251
 -439    0    0        0.171339437711818
 -438    0    0        0.172766080201046
 -437    0    0        0.174209221546814
 -436    0    0        0.175668427456760
 -435    0    0        0.177143222995393
 -434    0    0        0.178633082646625
 -433    0    0        0.180137417263394
 -432    0    0        0.181655556756641
 -431    0    0        0.183186726885736
 -430    0    0        0.184730017787170
 -429    0    0        0.186284340795754
 -428    0    0        0.187848368488791
 -427    0    0        0.189420450446907
 -426    0    0        0.190998493601998
 -425    0    0        0.192579790800321
 -424    0    0        0.194160774109985
 -423    0    0        0.195736661309838
 -422    0    0        0.197300959551644
 -421    0    0        0.198844804698945
 -420    0    0        0.200356188580415
 -419    0    0        0.201819340461073
 -418    0    0        0.203214966067885
 -417    0    0        0.204522525652221
 -416    0    0        0.205725295939809
 -415    0    0        0.206816458189096
 -414    0    0        0.207801800492349
 -413    0    0        0.208696625739141
 -412    0    0        0.209519722788771
 -411    0    0        0.210288628952898
 -410    0    0        0.211017589195699
 -409    0    0        0.211717379423946
 -408    0    0        0.212395887047796
 -407    0    0        0.213058818901422
 -406    0    0        0.213710303642136
 -405    0    0        0.214353344617166
 -404    0    0        0.214990143338186
 -403    0    0        0.215622326077924
 -402    0    0        0.216251102005532
 -401    0    0        0.216877374032954
 -400    0    0        0.217501817192704
 -399    0    0        0.218124934662432
 -398    0    0        0.218747098286778
 -397    0    0        0.219368578241967
 -396    0    0        0.219989565012761
 -395    0    0        0.220610185863600
 -394    0    0        0.221230517321336
 -393    0    0        0.221850594736271
 -392    0    0        0.222470419679639
 -391    0    0        0.223089965722446
 -390    0    0        0.223709182991332
 -389    0    0        0.224328001791762
 -388    0    0        0.224946335513756
 -387    0    0        0.225564082981105
 -386    0    0        0.226181130365541
 -385    0    0        0.226797352758372
 -384    0    0        0.227412615470590
 -383    0    0        0.228026775116342
 -382    0    0        0.228639680522585
 -381    0    0        0.229251173498482
 -380    0    0        0.229861089491042
 -379    0    0        0.230469258148145
 -378    0    0        0.231075503805737
 -377    0    0        0.231679645912786
 -376    0    0        0.232281499404965
 -375    0    0        0.232880875035921
 -374    0    0        0.233477579673444
 -373    0    0        0.234071416566459
 -372    0    0        0.234662185587787
 -371    0    0        0.235249683456669
 -370    0    0        0.235833703944482
 -369    0    0        0.236414038066446
 -368    0    0        0.236990474261578
 -367    0    0        0.237562798562985
 -366    0    0        0.238130794760050
 -365    0    0        0.238694244553845
 -364    0    0        0.239252927707226
 -363    0    0        0.239806622190080
 -362    0    0        0.240355104321187
 -361    0    0        0.240898148906850
 -360    0    0        0.241435529377266
 -359    0    0        0.241967017920970
 -358    0    0        0.242492385617824
 -357    0    0        0.243011402570975
 -356    0    0        0.243523838038026
 -355    0    0        0.244029460561713
 -354    0    0        0.244528038100372
 -353    0    0        0.245019338158291
 -352    0    0        0.245503127916266
 -351    0    0        0.245979174362341
 -350    0    0        0.246447244423045
 -349    0    0        0.246907105095121
 -348    0    0        0.247358523577934
 -347    0    0        0.247801267406668
 -346    0    0        0.248235104586389
 -345    0    0        0.248659803727177
 -344    0    0        0.249075134180371
 -343    0    0        0.249480866176167
 -342    0    0        0.249876770962679
 -341    0    0        0.250262620946703
 -340    0    0        0.250638189836371
 -339    0    0        0.251003252786118
 -338    0    0        0.251357586544066
 -337    0    0        0.251700969602408
 -336    0    0        0.252033182351243
 -335    0    0        0.252354007236228
 -334    0    0        0.252663228920983
 -333    0    0        0.252960634454722
 -332    0    0        0.253246013446232
 -331    0    0        0.253519158245062
 -330    0    0        0.253779864131221
 -329    0    0        0.254027929514772
 -328    0    0        0.254263156146900
 -327    0    0        0.254485349344378
 -326    0    0        0.254694318229475
 -325    0    0        0.254889875987904
 -324    0    0        0.255071840147495
 -323    0    0        0.255240032880859
 -322    0    0        0.255394281335733
 -321    0    0        0.255534417997113
 -320    0    0        0.255660281085927
 -319    0    0        0.255771714999599
 -318    0    0        0.255868570800550
 -317    0    0        0.255950706759452
 -316    0    0        0.256017988960925
 -315    0    0        0.256070291980345
 -314    0    0        0.256107499641376
 -313    0    0        0.256129505865228
 -312    0    0        0.256136215623603
 -311    0    0        0.256127546008999
 -310    0    0        0.256103427437274
 -309    0    0        0.256063804999204
 -308    0    0        0.256008639979369
 -307    0    0        0.255937911562578
 -306    0    0        0.255851618749782
 -305    0    0        0.255749782507527
 -304    0    0        0.255632448176480
 -303    0    0        0.255499688166348
 -302    0    0        0.255351604965671
 -301    0    0        0.255188334495435
 -300    0    0        0.255010049835336
 -299    0    0        0.254816965349417
 -298    0    0        0.254609341234324
 -297    0    0        0.254387488506392
 -296    0    0        0.254151774433269
 -295    0    0        0.253902628399444
 -294    0    0        0.253640548171667
 -293    0    0        0.253366106497237
 -292    0    0        0.253079957923035
 -291    0    0        0.252782845662902
 -290    0    0        0.252475608262467
 -289    0    0        0.252159185711903
 -288    0    0        0.251834624535705
 -287    0    0        0.251503081248011
 -286    0    0        0.251165823405993
 -285    0    0        0.250824227338470
 -284    0    0        0.250479771492615
 -283    0    0        0.250134024266940
 -282    0    0        0.249788625229669
 -281    0    0        0.249445258817862
 -280    0    0        0.249105620030062
 -279    0    0        0.248771372303654
 -278    0    0        0.248444098702127
 -277    0    0        0.248125248652814
 -276    0    0        0.247816083611434
 -275    0    0        0.247517625948262
 -274    0    0        0.247230615784071
 -273    0    0        0.246955480234141
 -272    0    0        0.246692318468448
 -271    0    0        0.246440904287902
 -270    0    0        0.246200705865483
 -269    0    0        0.245970920327186
 -268    0    0        0.245750519346743
 -267    0    0        0.245538301150447
 -266    0    0        0.245332944320598
 -265    0    0        0.245133059411028
 -264    0    0        0.244937235400811
 -263    0    0        0.244744079149585
 -262    0    0        0.244552247068939
 -261    0    0        0.244360469061292
 -260    0    0        0.244167565354128
 -259    0    0        0.243972457187668
 -258    0    0        0.243774172445127
 -257    0    0        0.243571847304917
 -256    0    0        0.243364724897910
 -255    0    0        0.243152151813086
 -254    0    0        0.242933573142689
 -253    0    0        0.242708526611848
 -252    0    0        0.242476636208104
 -251    0    0        0.242237605617507
 -250    0    0        0.241991211686066
 -249    0    0        0.241737298056846
 -248    0    0        0.241475769080698
 -247    0    0        0.241206584060139
 -246    0    0        0.240929751857817
 -245    0    0        0.240645325881393
 -244    0    0        0.240353399443168
 -243    0    0        0.240054101483826
 -242    0    0        0.239747592644233
 -241    0    0        0.239434061665884
 -240    0    0        0.239113722099074
 -239    0    0        0.238786809297381
 -238    0    0        0.238453577677440
 -237    0    0        0.238114298223427
 -236    0    0        0.237769256216960
 -235    0    0        0.237418749174120
 -234    0    0        0.237063084972392
 -233    0    0        0.236702580151724
 -232    0    0        0.236337558374906
 -231    0    0        0.235968349033580
 -230    0    0        0.235595285987256
 -229    0    0        0.235218706423736
 -228    0    0        0.234838949830143
 -227    0    0        0.234456357064680
 -226    0    0        0.234071269519946
 -225    0    0        0.233684028369477
 -224    0    0        0.233294973889687
 -223    0    0        0.232904444850197
 -222    0    0        0.232512777965933
 -221    0    0        0.232120307405069
 -220    0    0        0.231727364347240
 -219    0    0        0.231334276587088
 -218    0    0        0.230941368178436
 -217    0    0        0.230548959115006
 -216    0    0        0.230157365043719
 -215    0    0        0.229766897007206
 -214    0    0        0.229377861212321
 -213    0    0        0.228990558821759
 -212    0    0        0.228605285766236
 -211    0    0        0.228222332574891
 -210    0    0        0.227841984221764
 -209    0    0        0.227464519986556
 -208    0    0        0.227090213327888
 -207    0    0        0.226719331767693
 -206    0    0        0.226352136785307
 -205    0    0        0.225988883720253
 -204    0    0        0.225629821682569
 -203    0    0        0.225275193469933
 -202    0    0        0.224925235490831
 -201    0    0        0.224580177693151
 -200    0    0        0.224240243497680
 -199    0    0        0.223905649736182
 -198    0    0        0.223576606593718
 -197    0    0        0.223253317554961
 -196    0    0        0.222935979354466
 -195    0    0        0.222624781930756
 -194    0    0        0.222319908384274
 -193    0    0        0.222021534939249
 -192    0    0        0.221729830909612
 -191    0    0        0.221444958669088
 -190    0    0        0.221167073625702
 -189    0    0        0.220896324200904
 -188    0    0        0.220632851813542
 -187    0    0        0.220376790869002
 -186    0    0        0.220128268753729
 -185    0    0        0.219887405835435
 -184    0    0        0.219654315469267
 -183    0    0        0.219429104010134
 -182    0    0        0.219211870831512
 -181    0    0        0.219002708350853
 -180    0    0        0.218801702061848
 -179    0    0        0.218608930573596
 -178    0    0        0.218424465656897
 -177    0    0        0.218248372297591
 -176    0    0        0.218080708757060
 -175    0    0        0.217921526639779
 -174    0    0        0.217770870967869
 -173    0    0        0.217628780262435
 -172    0    0        0.217495286631570
 -171    0    0        0.217370415864689
 -170    0    0        0.217254187532985
 -169    0    0        0.217146615095524
 -168    0    0        0.217047706010762
 -167    0    0        0.216957461852837
 -166    0    0        0.216875878432394
 -165    0    0        0.216802945921272
 -164    0    0        0.216738648980629
 -163    0    0        0.216682966891960
 -162    0    0        0.216635873690429
 -161    0    0        0.216597338300010
 -160    0    0        0.216567324669868
 -159    0    0        0.216545791911507
 -158    0    0        0.216532694436030
 -157    0    0        0.216527982091207
 -156    0    0        0.216531600297720
 -155    0    0        0.216543490184234
 -154    0    0        0.216563588720888
 -153    0    0        0.216591828850788
 -152    0    0        0.216628139619286
 -151    0    0        0.216672446300657
 -150    0    0        0.216724670522020
 -149    0    0        0.216784730384303
 -148    0    0        0.216852540580103
 -147    0    0        0.216928012508345
 -146    0    0        0.217011054385738
 -145    0    0        0.217101571354953
 -144    0    0        0.217199465589608
 -143    0    0        0.217304636396158
 -142    0    0        0.217416980312677
 -141    0    0        0.217536391204846
 -140    0    0        0.217662760359159
 -139    0    0        0.217795976573616
 -138    0    0        0.217935926246063
 -137    0    0        0.218082493460514
 -136    0    0        0.218235560071467
 -135    0    0        0.218395005786728
 -134    0    0        0.218560708248760
 -133    0    0        0.218732543114979
 -132    0    0        0.218910384137065
 -131    0    0        0.219094103239685
 -130    0    0        0.219283570598771
 -129    0    0        0.219478654719577
 -128    0    0        0.219679222514696
 -127    0    0        0.219885139382278
 -126    0    0        0.220096269284547
 -125    0    0        0.220312474826799
 -124    0    0        0.220533617336969
 -123    0    0        0.220759556945909
 -122    0    0        0.220990152668400
 -121    0    0        0.221225262484974
 -120    0    0        0.221464743424601
 -119    0    0        0.221708451648151
 -118    0    0        0.221956242532717
 -117    0    0        0.222207970756698
 -116    0    0        0.222463490385590
 -115    0    0        0.222722654958350
 -114    0    0        0.222985317574340
 -113    0    0        0.223251330980610
 -112    0    0        0.223520547659462
 -111    0    0        0.223792819916123
 -110    0    0        0.224067999966286
 -109    0    0        0.224345940023562
 -108    0    0        0.224626492386366
 -107    0    0        0.224909509524309
 -106    0    0        0.225194844163802
 -105    0    0        0.225482349372674
 -104    0    0        0.225771878643654
 -103    0    0        0.226063285976585
 -102    0    0        0.226356425959080
 -101    0    0        0.226651153845568
 -100    0    0        0.226947325634585
  -99    0    0        0.227244798144056
  -98    0    0        0.227543429084593
  -97    0    0        0.227843077130597
  -96    0    0        0.228143601989131
  -95    0    0        0.228444864466462
  -94    0    0        0.228746726532243
  -93    0    0        0.229049051381243
  -92    0    0        0.229351703492675
  -91    0    0        0.229654548687076
  -90    0    0        0.229957454180743
  -89    0    0        0.230260288637797
  -88    0    0        0.230562922219857
  -87    0    0        0.230865226633437
  -86    0    0        0.231167075175087
  -85    0    0        0.231468342774391
  -84    0    0        0.231768906034872
  -83    0    0        0.232068643272937
  -82    0    0        0.232367434554875
  -81    0    0        0.232665161732138
  -80    0    0        0.232961708474849
  -79    0    0        0.233256960303770
  -78    0    0        0.233550804620697
  -77    0    0        0.233843130737496
  -76    0    0        0.234133829903717
  -75    0    0        0.234422795333054
  -74    0    0        0.234709922228439
  -73    0    0        0.234995107806160
  -72    0    0        0.235278251318684
  -71    0    0        0.235559254076586
  -70    0    0        0.235838019469249
  -69    0    0        0.236114452984618
  -68    0    0        0.236388462227835
  -67    0    0        0.236659956938839
  -66    0    0        0.236928849008809
  -65    0    0        0.237195052495480
  -64    0    0        0.237458483637256
  -63    0    0        0.237719060866054
  -62    0    0        0.237976704818815
  -61    0    0        0.238231338347583
  -60    0    0        0.238482886528119
  -59    0    0        0.238731276666895
  -58    0    0        0.238976438306406
  -57    0    0        0.239218303228717
  -56    0    0        0.239456805457121
  -55    0    0        0.239691881255809
  -54    0    0        0.239923469127460
  -53    0    0        0.240151509808658
  -52    0    0        0.240375946263061
  -51    0    0        0.240596723672192
  -50    0    0        0.240813789423800
  -49    0    0        0.241027093097707
  -48    0    0        0.241236586449100
  -47    0    0        0.241442223389161
  -46    0    0        0.241643959963068
  -45    0    0        0.241841754325208
  -44    0    0        0.242035566711737
  -43    0    0        0.242225359410314
  -42    0    0        0.242411096727176
  -41    0    0        0.242592744951392
  -40    0    0        0.242770272316465
  -39    0    0        0.242943648959277
  -38    0    0        0.243112846876402
  -37    0    0        0.243277839877910
  -36    0    0        0.243438603538692
  -35    0    0        0.243595115147492
  -34    0    0        0.243747353653633
  -33    0    0        0.243895299611673
  -32    0    0        0.244038935124093
  -31    0    0        0.244178243782140
  -30    0    0        0.244313210605032
  -29    0    0        0.244443821977690
  -28    0    0        0.244570065587170
  -27    0    0        0.244691930357994
  -26    0    0        0.244809406386621
  -25    0    0        0.244922484875214
  -24    0    0        0.245031158064985
  -23    0    0        0.245135419169322
  -22    0    0        0.245235262306893
  -21    0    0        0.245330682435092
  -20    0    0        0.245421675283884
  -19    0    0        0.245508237290468
  -18    0    0        0.245590365534914
  -17    0    0        0.245668057677030
  -16    0    0        0.245741311894710
  -15    0    0        0.245810126824019
  -14    0    0        0.245874501501225
  -13    0    0        0.245934435307059
  -12    0    0        0.245989927913339
  -11    0    0        0.246040979232275
  -10    0    0        0.246087589368599
   -9    0    0        0.246129758574759
   -8    0    0        0.246167487209322
   -7    0    0        0.246200775698797
   -6    0    0        0.246229624503006
   -5    0    0        0.246254034084205
   -4    0    0        0.246274004880023
   -3    0    0        0.246289537280362
   -2    0    0        0.246300631608381
   -1    0    0        0.246307288105585
    0    0    0        0.246309506921174
    1    0    0        0.246307288105585
    2    0    0        0.246300631608381
    3    0    0        0.246289537280362
    4    0    0        0.246274004880023
    5    0    0        0.246254034084205
    6    0    0        0.246229624503006
    7    0    0        0.246200775698797
    8    0    0        0.246167487209322
    9    0    0        0.246129758574759
   10    0    0        0.246087589368599
   11    0    0        0.246040979232275
   12    0    0        0.245989927913339
   13    0    0        0.245934435307059
   14    0    0        0.245874501501225
   15    0    0        0.245810126824019
   16    0    0        0.245741311894710
   17    0    0        0.245668057677030
   18    0    0        0.245590365534914
   19    0    0        0.245508237290468
   20    0    0        0.245421675283884
   21    0    0        0.245330682435092
   22    0    0        0.245235262306893
   23    0    0        0.245135419169322
   24    0    0        0.245031158064985
   25    0    0        0.244922484875214
   26    0    0        0.244809406386621
   27    0    0        0.244691930357994
   28    0    0        0.244570065587170
   29    0    0        0.244443821977690
   30    0    0        0.244313210605032
   31    0    0        0.244178243782140
   32    0    0        0.244038935124093
   33    0    0        0.243895299611673
   34    0    0        0.243747353653633
   35    0    0        0.243595115147492
   36    0    0        0.243438603538692
   37    0    0        0.243277839877910
   38    0    0        0.243112846876402
   39    0    0        0.242943648959277
   40    0    0        0.242770272316465
   41    0    0        0.242592744951392
   42    0    0        0.242411096727176
   43    0    0        0.242225359410314
   44    0    0        0.242035566711737
   45    0    0        0.241841754325208
   46    0    0        0.241643959963068
   47    0    0        0.241442223389161
   48    0    0        0.241236586449100
   49    0    0        0.241027093097707
   50    0    0        0.240813789423800
   51    0    0        0.240596723672192
   52    0    0        0.240375946263061
   53    0    0        0.240151509808658
   54    0    0        0.239923469127460
   55    0    0        0.239691881255809
   56    0    0        0.239456805457121
   57    0    0        0.239218303228717
   58    0    0        0.238976438306406
   59    0    0        0.238731276666895
   60    0    0        0.238482886528119
   61    0    0        0.238231338347583
   62    0    0        0.237976704818815
   63    0    0        0.237719060866054
   64    0    0        0.237458483637256
   65    0    0        0.237195052495480
   66    0    0        0.236928849008809
   67    0    0        0.236659956938839
   68    0    0        0.236388462227835
   69    0    0        0.236114452984618
   70    0    0        0.235838019469249
   71    0    0        0.235559254076586
   72    0    0        0.235278251318684
   73    0    0        0.234995107806160
   74    0    0        0.234709922228439
   75    0    0        0.234422795333054
   76    0    0        0.234133829903717
   77    0    0        0.233843130737496
   78    0    0        0.233550804620697
   79    0    0        0.233256960303770
   80    0    0        0.232961708474849
   81    0    0        0.232665161732138
   82    0    0        0.232367434554875
   83    0    0        0.232068643272937
   84    0    0        0.231768906034872
   85    0    0        0.231468342774391
   86    0    0        0.231167075175087
   87    0    0        0.230865226633437
   88    0    0        0.230562922219857
   89    0    0        0.230260288637797
   90    0    0        0.229957454180743
   91    0    0        0.229654548687076
   92    0    0        0.229351703492675
   93    0    0        0.229049051381243
   94    0    0        0.228746726532243
   95    0    0        0.228444864466462
   96    0    0        0.228143601989131
   97    0    0        0.227843077130597
   98    0    0        0.227543429084593
   99    0    0        0.227244798144056
  100    0    0        0.226947325634585
  101    0    0        0.226651153845568
  102    0    0        0.226356425959080
  103    0    0        0.226063285976585
  104    0    0        0.225771878643654
  105    0    0        0.225482349372674
  106    0    0        0.225194844163802
  107    0    0        0.224909509524309
  108    0    0        0.224626492386366
  109    0    0        0.224345940023562
  110    0    0        0.224067999966286
  111    0    0        0.223792819916123
  112    0    0        0.223520547659462
  113    0    0        0.223251330980610
  114    0    0        0.222985317574340
  115    0    0        0.222722654958350
  116    0    0        0.222463490385590
  117    0    0        0.222207970756698
  118    0    0        0.221956242532717
  119    0    0        0.221708451648151
  120    0    0        0.221464743424601
  121    0    0        0.221225262484974
  122    0    0        0.220990152668400
  123    0    0        0.220759556945909
  124    0    0        0.220533617336969
  125    0    0        0.220312474826799
  126    0    0        0.220096269284547
  127    0    0        0.219885139382278
  128    0    0        0.219679222514696
  129    0    0        0.219478654719577
  130    0    0        0.219283570598771
  131    0    0        0.219094103239685
  132    0    0        0.218910384137065
  133    0    0        0.218732543114979
  134    0    0        0.218560708248760
  135    0    0        0.218395005786728
  136    0    0        0.218235560071467
  137    0    0        0.218082493460514
  138    0    0        0.217935926246063
  139    0    0        0.217795976573616
  140    0    0        0.217662760359159
  141    0    0        0.217536391204846
  142    0    0        0.217416980312677
  143    0    0        0.217304636396158
  144    0    0        0.217199465589608
  145    0    0        0.217101571354953
  146    0    0        0.217011054385738
  147    0    0        0.216928012508345
  148    0    0        0.216852540580103
  149    0    0        0.216784730384303
  150    0    0        0.216724670522020
  151    0    0        0.216672446300657
  152    0    0        0.216628139619286
  153    0    0        0.216591828850788
  154    0    0        0.216563588720888
  155    0    0        0.216543490184234
  156    0    0        0.216531600297720
  157    0    0        0.216527982091207
  158    0    0        0.216532694436030
  159    0    0        0.216545791911507
  160    0    0        0.216567324669868
  161    0    0        0.216597338300010
  162    0    0        0.216635873690429
  163    0    0        0.216682966891960
  164    0    0        0.216738648980629
  165    0    0        0.216802945921272
  166    0    0        0.216875878432394
  167    0    0        0.216957461852837
  168    0    0        0.217047706010762
  169    0    0        0.217146615095524
  170    0    0        0.217254187532985
  171    0    0        0.217370415864689
  172    0    0        0.217495286631570
  173    0    0        0.217628780262435
  174    0    0        0.217770870967869
  175    0    0        0.217921526639779
  176    0    0        0.218080708757060
  177    0    0        0.218248372297591
  178    0    0        0.218424465656897
  179    0    0        0.218608930573596
  180    0    0        0.218801702061848
  181    0    0        0.219002708350853
  182    0    0        0.219211870831512
  183    0    0        0.219429104010134
  184    0    0        0.219654315469267
  185    0    0        0.219887405835435
  186    0    0        0.220128268753729
  187    0    0        0.220376790869002
  188    0    0        0.220632851813542
  189    0    0        0.220896324200904
  190    0    0        0.221167073625702
  191    0    0        0.221444958669088
  192    0    0        0.221729830909612
  193    0    0        0.222021534939249
  194    0    0        0.222319908384274
  195    0    0        0.222624781930756
  196    0    0        0.222935979354466
  197    0    0        0.223253317554961
  198    0    0        0.223576606593718
  199    0    0        0.223905649736182
  200    0    0        0.224240243497680
  201    0    0        0.224580177693151
  202    0    0        0.224925235490831
  203    0    0        0.225275193469933
  204    0    0        0.225629821682569
  205    0    0        0.225988883720253
  206    0    0        0.226352136785307
  207    0    0        0.226719331767693
  208    0    0        0.227090213327888
  209    0    0        0.227464519986556
  210    0    0        0.227841984221764
  211    0    0        0.228222332574891
  212    0    0        0.228605285766236
  213    0    0        0.228990558821759
  214    0    0        0.229377861212321
  215    0    0        0.229766897007206
  216    0    0        0.230157365043719
  217    0    0        0.230548959115006
  218    0    0        0.230941368178436
  219    0    0        0.231334276587088
  220    0    0        0.231727364347240
  221    0    0        0.232120307405069
  222    0    0        0.232512777965933
  223    0    0        0.232904444850197
  224    0    0        0.233294973889687
  225    0    0        0.233684028369477
  226    0    0        0.234071269519946
  227    0    0        0.234456357064680
  228    0    0        0.234838949830143
  229    0    0        0.235218706423736
  230    0    0        0.235595285987256
  231    0    0        0.235968349033580
  232    0    0        0.236337558374906
  233    0    0        0.236702580151724
  234    0    0        0.237063084972392
  235    0    0        0.237418749174120
  236    0    0        0.237769256216960
  237    0    0        0.238114298223427
  238    0    0        0.238453577677440
  239    0    0        0.238786809297381
  240    0    0        0.239113722099074
  241    0    0        0.239434061665884
  242    0    0        0.239747592644233
  243    0    0        0.240054101483826
  244    0    0        0.240353399443168
  245    0    0        0.240645325881393
  246    0    0        0.240929751857817
  247    0    0        0.241206584060139
  248    0    0        0.241475769080698
  249    0    0        0.241737298056846
  250    0    0        0.241991211686066
  251    0    0        0.242237605617507
  252    0    0        0.242476636208104
  253    0    0        0.242708526611848
  254    0    0        0.242933573142689
  255    0    0        0.243152151813086
  256    0    0        0.243364724897910
  257    0    0        0.243571847304917
  258    0    0        0.243774172445127
  259    0    0        0.243972457187668
  260    0    0        0.244167565354128
  261    0    0        0.244360469061292
  262    0    0        0.244552247068939
  263    0    0        0.244744079149585
  264    0    0        0.244937235400811
  265    0    0        0.245133059411028
  266    0    0        0.245332944320598
  267    0    0        0.245538301150447
  268    0    0        0.245750519346743
  269    0    0        0.245970920327186
  270    0    0        0.246200705865483
  271    0    0        0.246440904287902
  272    0    0        0.246692318468448
  273    0    0        0.246955480234141
  274    0    0        0.247230615784071
  275    0    0        0.247517625948262
  276    0    0        0.247816083611434
  277    0    0        0.248125248652814
  278    0    0        0.248444098702127
  279    0    0        0.248771372303654
  280    0    0        0.249105620030062
  281    0    0        0.249445258817862
  282    0    0        0.249788625229669
  283    0    0        0.250134024266940
  284    0    0        0.250479771492615
  285    0    0        0.250824227338470
  286    0    0        0.251165823405993
  287    0    0        0.251503081248011
  288    0    0        0.251834624535705
  289    0    0        0.252159185711903
  290    0    0        0.252475608262467
  291    0    0        0.252782845662902
  292    0    0        0.253079957923035
  293    0    0        0.253366106497237
  294    0    0        0.253640548171667
  295    0    0        0.253902628399444
  296    0    0        0.254151774433269
  297    0    0        0.254387488506392
  298    0    0        0.254609341234324
  299    0    0        0.254816965349417
  300    0    0        0.255010049835336
  301    0    0        0.255188334495435
  302    0    0        0.255351604965671
  303    0    0        0.255499688166348
  304    0    0        0.255632448176480
  305    0    0        0.255749782507527
  306    0    0        0.255851618749782
  307    0    0        0.255937911562578
  308    0    0        0.256008639979369
  309    0    0        0.256063804999204
  310    0    0        0.256103427437274
  311    0    0        0.256127546008999
  312    0    0        0.256136215623603
  313    0    0        0.256129505865228
  314    0    0        0.256107499641376
  315    0    0        0.256070291980345
  316    0    0        0.256017988960925
  317    0    0        0.255950706759452
  318    0    0        0.255868570800550
  319    0    0        0.255771714999599
  320    0    0        0.255660281085927
  321    0    0        0.255534417997113
  322    0    0        0.255394281335733
  323    0    0        0.255240032880859
  324    0    0        0.255071840147495
  325    0    0        0.254889875987904
  326    0    0        0.254694318229475
  327    0    0        0.254485349344378
  328    0    0        0.254263156146900
  329    0    0        0.254027929514772
  330    0    0        0.253779864131221
  331    0    0        0.253519158245062
  332    0    0        0.253246013446232
  333    0    0        0.252960634454722
  334    0    0        0.252663228920983
  335    0    0        0.252354007236228
  336    0    0        0.252033182351243
  337    0    0        0.251700969602408
  338    0    0        0.251357586544066
  339    0    0        0.251003252786118
  340    0    0        0.250638189836371
  341    0    0        0.250262620946703
  342    0    0        0.249876770962679
  343    0    0        0.249480866176167
  344    0    0        0.249075134180371
  345    0    0        0.248659803727177
  346    0    0        0.248235104586389
  347    0    0        0.247801267406668
  348    0    0        0.247358523577934
  349    0    0        0.246907105095121
  350    0    0        0.246447244423045
  351    0    0        0.245979174362341
  352    0    0        0.245503127916266
  353    0    0        0.245019338158291
  354    0    0        0.244528038100372
  355    0    0        0.244029460561713
  356    0    0        0.243523838038026
  357    0    0        0.243011402570975
  358    0    0        0.242492385617824
  359    0    0        0.241967017920970
  360    0    0        0.241435529377266
  361    0    0        0.240898148906850
  362    0    0        0.240355104321187
  363    0    0        0.239806622190080
  364    0    0        0.239252927707226
  365    0    0        0.238694244553845
  366    0    0        0.238130794760050
  367    0    0        0.237562798562985
  368    0    0        0.236990474261578
  369    0    0        0.236414038066446
  370    0    0        0.235833703944482
  371    0    0        0.235249683456669
  372    0    0        0.234662185587787
  373    0    0        0.234071416566459
  374    0    0        0.233477579673444
  375    0    0        0.232880875035921
  376    0    0        0.232281499404965
  377    0    0        0.231679645912786
  378    0    0        0.231075503805737
  379    0    0        0.230469258148145
  380    0    0        0.229861089491042
  381    0    0        0.229251173498482
  382    0    0        0.228639680522585
  383    0    0        0.228026775116342
  384    0    0        0.227412615470590
  385    0    0        0.226797352758372
  386    0    0        0.226181130365541
  387    0    0        0.225564082981105
  388    0    0        0.224946335513756
  389    0    0        0.224328001791762
  390    0    0        0.223709182991332
  391    0    0        0.223089965722446
  392    0    0        0.222470419679639
  393    0    0        0.221850594736271
  394    0    0        0.221230517321336
  395    0    0        0.220610185863600
  396    0    0        0.219989565012761
  397    0    0        0.219368578241967
  398    0    0        0.218747098286778
  399    0    0        0.218124934662432
  400    0    0        0.217501817192704
  401    0    0        0.216877374032954
  402    0    0        0.216251102005532
  403    0    0        0.215622326077924
  404    0    0        0.214990143338186
  405    0    0        0.214353344617166
  406    0    0        0.213710303642136
  407    0    0        0.213058818901422
  408    0    0        0.212395887047796
  409    0    0        0.211717379423946
  410    0    0        0.211017589195699
  411    0    0        0.210288628952898
  412    0    0        0.209519722788771
  413    0    0        0.208696625739141
  414    0    0        0.207801800492349
  415    0    0        0.206816458189096
  416    0    0        0.205725295939809
  417    0    0        0.204522525652221
  418    0    0        0.203214966067885
  419    0    0        0.201819340461073
  420    0    0        0.200356188580415
  421    0    0        0.198844804698945
  422    0    0        0.197300959551644
  423    0    0        0.195736661309838
  424    0    0        0.194160774109985
  425    0    0        0.192579790800321
  426    0    0        0.190998493601998
  427    0    0        0.189420450446907
  428    0    0        0.187848368488791
  429    0    0        0.186284340795754
  430    0    0        0.184730017787170
  431    0    0        0.183186726885736
  432    0    0        0.181655556756641
  433    0    0        0.180137417263394
  434    0    0        0.178633082646625
  435    0    0        0.177143222995393
  436    0    0        0.175668427456760
  437    0    0        0.174209221546814
  438    0    0        0.172766080201046
  439    0    0        0.171339437711818
  440    0    0        0.169929695366251
  441    0    0        0.168537227367386
  442    0    0        0.167162385460717
  443    0    0        0.165805502575137
  444    0    0        0.164466895706666
  445    0    0        0.163146868215467
  446    0    0        0.161845711664559
  447    0    0        0.160563707297683
  448    0    0        0.159301127231111
  449    0    0        0.158058235416945
  450    0    0        0.156835288422740
  451    0    0        0.155632536062558
  452    0    0        0.154450221907002
  453    0    0        0.153288583694196
  454    0    0        0.152147853659107
  455    0    0        0.151028258795286
  456    0    0        0.149930021060240
  457    0    0        0.148853357533610
  458    0    0        0.147798480535654
  459    0    0        0.146765597712087
  460    0    0        0.145754912090419
  461    0    0        0.144766622111906
  462    0    0        0.143800921642722
  463    0    0        0.142857999967326
  464    0    0        0.141938041766598
  465    0    0        0.141041227083027
  466    0    0        0.140167731274937
  467    0    0        0.139317724961609
  468    0    0        0.138491373960978
  469    0    0        0.137688839221517
  470    0    0        0.136910276749891
  471    0    0        0.136155837535917
  472    0    0        0.135425667476368
  473    0    0        0.134719907299192
  474    0    0        0.134038692489755
  475    0    0        0.133382153220691
  476    0    0        0.132750414287026
  477    0    0        0.132143595048223
  478    0    0        0.131561809378768
  479    0    0        0.131005165628886
  480    0    0        0.130473766596955
  481    0    0        0.129967709514903
  482    0    0        0.129487086047899
  483    0    0        0.129031982309269
  484    0    0        0.128602478891351
  485    0    0        0.128198650912619
  486    0    0        0.127820568081067
  487    0    0        0.127468294773347
  488    0    0        0.127141890128678
  489    0    0        0.126841408156130
  490    0    0        0.126566897853238
  491    0    0        0.126318403333581
  492    0    0        0.126095963960426
  493    0    0        0.125899614483186
  494    0    0        0.125729385173216
  495    0    0        0.125585301955210
  496    0    0        0.125467386530534
  497    0    0        0.125375656488837
  498    0    0        0.125310125404592
  499    0    0        0.125270802915544
  500    0    0        0.125257694780643
