 -500    0    0        0.106166417496794
 -499    0    0        0.106170035497866
 -498    0    0        0.106180888700025
 -497    0    0        0.106198974713820
 -496    0    0        0.106224289602093
 -495    0    0        0.106256827946513
 -494    0    0        0.106296582938051
 -493    0    0        0.106343546488865
 -492    0    0        0.106397709362479
 -491    0    0        0.106459061318910
 -490    0    0        0.106527591270901
 -489    0    0        0.106603287447496
 -488    0    0        0.106686137561112
 -487    0    0        0.106776128974451
 -486    0    0        0.106873248863863
 -485    0    0        0.106977484376103
 -484    0    0        0.107088822775877
 -483    0    0        0.107207251581988
 -482    0    0        0.107332758690469
 -481    0    0        0.107465332483460
 -480    0    0        0.107604961923145
 -479    0    0        0.107751636630462
 -478    0    0        0.107905346948651
 -477    0    0        0.108066083992101
 -476    0    0        0.108233839681166
 -475    0    0        0.108408606763902
 -474    0    0        0.108590378825701
 -473    0    0        0.108779150288141
 -472    0    0        0.108974916398137
 -471    0    0        0.109177673208701
 -470    0    0        0.109387417552566
 -469    0    0        0.109604147009767
 -468    0    0        0.109827859870345
 -467    0    0        0.110058555093193
 -466    0    0        0.110296232261931
 -465    0    0        0.110540891538677
 -464    0    0        0.110792533616421
 -463    0    0        0.111051159670609
 -462    0    0        0.111316771310523
 -461    0    0        0.111589370530814
 -460    0    0        0.111868959663621
 -459    0    0        0.112155541331495
 -458    0    0        0.112449118401396
 -457    0    0        0.112749693939866
 -456    0    0        0.113057271169499
 -455    0    0        0.113371853426782
 -454    0    0        0.113693444121288
 -453    0    0        0.114022046696271
 -452    0    0        0.114357664590543
 -451    0    0        0.114700301201648
 -450    0    0        0.115049959850229
 -449    0    0        0.115406643745502
 -448    0    0        0.115770355951750
 -447    0    0        0.116141099355751
 -446    0    0        0.116518876635008
 -445    0    0        0.116903690226685
 -444    0    0        0.117295542297193
 -443    0    0        0.117694434712241
 -442    0    0        0.118100369007311
 -441    0    0        0.118513346358461
 -440    0    0        0.118933367553313
 -439    0    0        0.119360432962204
 -438    0    0        0.119794542509361
 -437    0    0        0.120235695644044
 -436    0    0        0.120683891311596
 -435    0    0        0.121139127924302
 -434    0    0        0.121601403331993
 -433    0    0        0.122070714792377
 -432    0    0        0.122547058940986
 -431    0    0        0.123030431760711
 -430    0    0        0.123520828550919
 -429    0    0        0.124018243896014
 -428    0    0        0.124522671633512
 -427    0    0        0.125034104821528
 -426    0    0        0.125552535705662
 -425    0    0        0.126077955685284
 -424    0    0        0.126610355279133
 -423    0    0        0.127149724090319
 -422    0    0        0.127696050770591
 -421    0    0        0.128249322983956
 -420    0    0        0.128809527369604
 -419    0    0        0.129376649504131
 -418    0    0        0.129950673863076
 -417    0    0        0.130531583781781
 -416    0    0        0.131119361415563
 -415    0    0        0.131713987699209
 -414    0    0        0.132315442305846
 -413    0    0        0.132923703605151
 -412    0    0        0.133538748620960
 -411    0    0        0.134160552988282
 -410    0    0        0.134789090909759
 -409    0    0        0.135424335111577
 -408    0    0        0.136066256798904
 -407    0    0        0.136714825610842
 -406    0    0        0.137370009574962
 -405    0    0        0.138031775061468
 -404    0    0        0.138700086736987
 -403    0    0        0.139374907518121
 -402    0    0        0.140056198524696
 -401    0    0        0.140743919032852
 -400    0    0        0.141438026427956
 -399    0    0        0.142138476157468
 -398    0    0        0.142845221683717
 -397    0    0        0.143558214436722
 -396    0    0        0.144277403767085
 -395    0    0        0.145002736898980
 -394    0    0        0.145734158883350
 -393    0    0        0.146471612551342
 -392    0    0        0.147215038467982
 -391    0    0        0.147964374886241
 -390    0    0        0.148719557701458
 -389    0    0        0.149480520406197
 -388    0    0        0.150247194045589
 -387    0    0        0.151019507173193
 -386    0    0        0.151797385807388
 -385    0    0        0.152580753388388
 -384    0    0        0.153369530735825
 -383    0    0        0.154163636007007
 -382    0    0        0.154962984655783
 -381    0    0        0.155767489392111
 -380    0    0        0.156577060142221
 -379    0    0        0.157391604009513
 -378    0    0        0.158211025236004
 -377    0    0        0.159035225164477
 -376    0    0        0.159864102201132
 -375    0    0        0.160697551778873
 -374    0    0        0.161535466321013
 -373    0    0        0.162377735205487
 -372    0    0        0.163224244729405
 -371    0    0        0.164074878073911
 -370    0    0        0.164929515269282
 -369    0    0        0.165788033160147
 -368    0    0        0.166650305370714
 -367    0    0        0.167516202269954
 -366    0    0        0.168385590936555
 -365    0    0        0.169258335123590
 -364    0    0        0.170134295222737
 -363    0    0        0.171013328227918
 -362    0    0        0.171895287698225
 -361    0    0        0.172780023720023
 -360    0    0        0.173667382868053
 -359    0    0        0.174557208165393
 -358    0    0        0.175449339042166
 -357    0    0        0.176343611292845
 -356    0    0        0.177239857031990
 -355    0    0        0.178137904648312
 -354    0    0        0.179037578756941
 -353    0    0        0.179938700149725
 -352    0    0        0.180841085743510
 -351    0    0        0.181744548526220
 -350    0    0        0.182648897500684
 -349    0    0        0.183553937626075
 -348    0    0        0.184459469756878
 -347    0    0        0.185365290579306
 -346    0    0        0.186271192545069
 -345    0    0        0.187176963802419
 -344    0    0        0.188082388124385
 -343    0    0        0.188987244834130
 -342    0    0        0.189891308727313
 -341    0    0        0.190794349991404
 -340    0    0        0.191696134121810
 -339    0    0        0.192596421834696
 -338    0    0        0.193494968976338
 -337    0    0        0.194391526428862
 -336    0    0        0.195285840012127
 -335    0    0        0.196177650381458
 -334    0    0        0.197066692920948
 -333    0    0        0.197952697631946
 -332    0    0        0.198835389016192
 -331    0    0        0.199714485953085
 -330    0    0        0.200589701570408
 -329    0    0        0.201460743107654
 -328    0    0        0.202327311771076
 -327    0    0        0.203189102579262
 -326    0    0        0.204045804197960
 -325    0    0        0.204897098762628
 -324    0    0        0.205742661686911
 -323    0    0        0.206582161454949
 -322    0    0        0.207415259395207
 -321    0    0        0.208241609432988
 -320    0    0        0.209060857818536
 -319    0    0        0.209872642827074
 -318    0    0        0.210676594426634
 -317    0    0        0.211472333908972
 -316    0    0        0.212259473478144
 -315    0    0        0.213037615790641
 -314    0    0        0.213806353440077
 -313    0    0        0.214565268378585
 -312    0    0        0.215313931265952
 -311    0    0        0.216051900736395
 -310    0    0        0.216778722571703
 -309    0    0        0.217493928767871
 -308    0    0        0.218197036481128
 -307    0    0        0.218887546837407
 -306    0    0        0.219564943587670
 -305    0    0        0.220228691589952
 -304    0    0        0.220878235096992
 -303    0    0        0.221512995827042
 -302    0    0        0.222132370794018
 -301    0    0        0.222735729872477
 -300    0    0        0.223322413073082
 -299    0    0        0.223891727505488
 -298    0    0        0.224442944009090
 -297    0    0        0.224975293437976
 -296    0    0        0.225487962596517
 -295    0    0        0.225980089837018
 -294    0    0        0.226450760353363
 -293    0    0        0.226899001235949
 -292    0    0        0.227323776397007
 -291    0    0        0.227723981533686
 -290    0    0        0.228098439372875
 -289    0    0        0.228445895538540
 -288    0    0        0.228765015500978
 -287    0    0        0.229054383206278
 -286    0    0        0.229312502137242
 -285    0    0        0.229537799710700
 -284    0    0        0.229728636047504
 -283    0    0        0.229883318224655
 -282    0    0        0.230000121085624
 -281    0    0        0.230077315487555
 -280    0    0        0.230113204445078
 -279    0    0        0.230106166951544
 -278    0    0        0.230054708324159
 -277    0    0        0.229957514804590
 -276    0    0        0.229813509011972
 -275    0    0        0.229621901928355
 -274    0    0        0.229382236665886
 -273    0    0        0.229094419537671
 -272    0    0        0.228758735008578
 -271    0    0        0.228375842814100
 -270    0    0        0.227946757591620
 -269    0    0        0.227472813346933
 -268    0    0        0.226955616585275
 -267    0    0        0.226396992718730
 -266    0    0        0.225798930375144
 -265    0    0        0.225163527613138
 -264    0    0        0.224492943040266
 -263    0    0        0.223789353697611
 -262    0    0        0.223054920526581
 -261    0    0        0.222291761399633
 -260    0    0        0.221501931121838
 -259    0    0        0.220687407481510
 -258    0    0        0.219850082297310
 -257    0    0        0.218991756418548
 -256    0    0        0.218114137731147
 -255    0    0        0.217218841359084
 -254    0    0        0.216307391401830
 -253    0    0        0.215381223691167
 -252    0    0        0.214441689177708
 -251    0    0        0.213490057662357
 -250    0    0        0.212527521672832
 -249    0    0        0.211555200349780
 -248    0    0        0.210574143256154
 -247    0    0        0.209585334058213
 -246    0    0        0.208589694051285
 -245    0    0        0.207588085520037
 -244    0    0        0.206581314933647
 -243    0    0        0.205570135982303
 -242    0    0        0.204555252465117
 -241    0    0        0.203537321040600
 -240    0    0        0.202516953850880
 -239    0    0        0.201494721029671
 -238    0    0        0.200471153103648
 -237    0    0        0.199446743294026
 -236    0    0        0.198421949725242
 -235    0    0        0.197397197545011
 -234    0    0        0.196372880959856
 -233    0    0        0.195349365188425
 -232    0    0        0.194326988334779
 -231    0    0        0.193306063182756
 -230    0    0        0.192286878912413
 -229    0    0        0.191269702739022
 -228    0    0        0.190254781475278
 -227    0    0        0.189242343016939
 -226    0    0        0.188232597752569
 -225    0    0        0.187225739897880
 -224    0    0        0.186221948755480
 -223    0    0        0.185221389901118
 -222    0    0        0.184224216297453
 -221    0    0        0.183230569337008
 -220    0    0        0.182240579815713
 -219    0    0        0.181254368839204
 -218    0    0        0.180272048663815
 -217    0    0        0.179293723474608
 -216    0    0        0.178319490102921
 -215    0    0        0.177349438685940
 -214    0    0        0.176383653271250
 -213    0    0        0.175422212369023
 -212    0    0        0.174465189454757
 -211    0    0        0.173512653425615
 -210    0    0        0.172564669013383
 -209    0    0        0.171621297156862
 -208    0    0        0.170682595337010
 -207    0    0        0.169748617877282
 -206    0    0        0.168819416212783
 -205    0    0        0.167895039130392
 -204    0    0        0.166975532983063
 -203    0    0        0.166060941880797
 -202    0    0        0.165151307860939
 -201    0    0        0.164246671040196
 -200    0    0        0.163347069750703
 -199    0    0        0.162452540662485
 -198    0    0        0.161563118894119
 -197    0    0        0.160678838113809
 -196    0    0        0.159799730632355
 -195    0    0        0.158925827489923
 -194    0    0        0.158057158537818
 -193    0    0        0.157193752516739
 -192    0    0        0.156335637132624
 -191    0    0        0.155482839131023
 -190    0    0        0.154635384370897
 -189    0    0        0.153793297898485
 -188    0    0        0.152956604021911
 -187    0    0        0.152125326386687
 -186    0    0        0.151299488052552
 -185    0    0        0.150479111571849
 -184    0    0        0.149664219069119
 -183    0    0        0.148854832322216
 -182    0    0        0.148050972844426
 -181    0    0        0.147252661967491
 -180    0    0        0.146459920924943
 -179    0    0        0.145672770935544
 -178    0    0        0.144891233286089
 -177    0    0        0.144115329413157
 -176    0    0        0.143345080983153
 -175    0    0        0.142580509969988
 -174    0    0        0.141821638729890
 -173    0    0        0.141068490072493
 -172    0    0        0.140321087327811
 -171    0    0        0.139579454408389
 -170    0    0        0.138843615866013
 -169    0    0        0.138113596942520
 -168    0    0        0.137389423614257
 -167    0    0        0.136671122629552
 -166    0    0        0.135958721539232
 -165    0    0        0.135252248719355
 -164    0    0        0.134551733386354
 -163    0    0        0.133857205604232
 -162    0    0        0.133168696283705
 -161    0    0        0.132486237173287
 -160    0    0        0.131809860842443
 -159    0    0        0.131139600656749
 -158    0    0        0.130475490745373
 -157    0    0        0.129817565961086
 -156    0    0        0.129165861833063
 -155    0    0        0.128520414512743
 -154    0    0        0.127881260713371
 -153    0    0        0.127248437643437
 -152    0    0        0.126621982934423
 -151    0    0        0.126001934563730
 -150    0    0        0.125388330772742
 -149    0    0        0.124781209981047
 -148    0    0        0.124180610697101
 -147    0    0        0.123586571425901
 -146    0    0        0.122999130574276
 -145    0    0        0.122418326354248
 -144    0    0        0.121844196685148
 -143    0    0        0.121276779094699
 -142    0    0        0.120716110619911
 -141    0    0        0.120162227708002
 -140    0    0        0.119615166117841
 -139    0    0        0.119074960822476
 -138    0    0        0.118541645912879
 -137    0    0        0.118015254503498
 -136    0    0        0.117495818639815
 -135    0    0        0.116983369208245
 -134    0    0        0.116477935848614
 -133    0    0        0.115979546869482
 -132    0    0        0.115488229166519
 -131    0    0        0.115004008144018
 -130    0    0        0.114526907639792
 -129    0    0        0.114056949853550
 -128    0    0        0.113594155278719
 -127    0    0        0.113138542637997
 -126    0    0        0.112690128822421
 -125    0    0        0.112248928834184
 -124    0    0        0.111814955733118
 -123    0    0        0.111388220586673
 -122    0    0        0.110968732423696
 -121    0    0        0.110556498191623
 -120    0    0        0.110151522717209
 -119    0    0        0.109753808670643
 -118    0    0        0.109363356533022
 -117    0    0        0.108980164567051
 -116    0    0        0.108604228790934
 -115    0    0        0.108235542955217
 -114    0    0        0.107874098522625
 -113    0    0        0.107519884650802
 -112    0    0        0.107172888177621
 -111    0    0        0.106833093609278
 -110    0    0        0.106500483110810
 -109    0    0        0.106175036499073
 -108    0    0        0.105856731238021
 -107    0    0        0.105545542436224
 -106    0    0        0.105241442846517
 -105    0    0        0.104944402867646
 -104    0    0        0.104654390548022
 -103    0    0        0.104371371591201
 -102    0    0        0.104095309363273
 -101    0    0        0.103826164902033
 -100    0    0        0.103563896927798
  -99    0    0        0.103308461855929
  -98    0    0        0.103059813810887
  -97    0    0        0.102817904641988
  -96    0    0        0.102582683940528
  -95    0    0        0.102354099058584
  -94    0    0        0.102132095129174
  -93    0    0        0.101916615087947
  -92    0    0        0.101707599696348
  -91    0    0        0.101504987566186
  -90    0    0        0.101308715185664
  -89    0    0        0.101118716946881
  -88    0    0        0.100934925174805
  -87    0    0        0.100757270157585
  -86    0    0        0.100585680178496
  -85    0    0        0.100420081549203
  -84    0    0        0.100260398644635
  -83    0    0        0.100106553939291
  -82    0    0        0.099958468045073
  -81    0    0        0.099816059750620
  -80    0    0        0.099679246062301
  -79    0    0        0.099547942246554
  -78    0    0        0.099422061873995
  -77    0    0        0.099301516864989
  -76    0    0        0.099186217536799
  -75    0    0        0.099076072652416
  -74    0    0        0.098970989470897
  -73    0    0        0.098870873799405
  -72    0    0        0.098775630046641
  -71    0    0        0.098685161278205
  -70    0    0        0.098599369273240
  -69    0    0        0.098518154582831
  -68    0    0        0.098441416589935
  -67    0    0        0.098369053570919
  -66    0    0        0.098300962758543
  -65    0    0        0.098237040406517
  -64    0    0        0.098177181855682
  -63    0    0        0.098121281601378
  -62    0    0        0.098069233362545
  -61    0    0        0.098020930152050
  -60    0    0        0.097976264348489
  -59    0    0        0.097935127769185
  -58    0    0        0.097897411744661
  -57    0    0        0.097863007194126
  -56    0    0        0.097831804702353
  -55    0    0        0.097803694597575
  -54    0    0        0.097778567030396
  -53    0    0        0.097756312053942
  -52    0    0        0.097736819704706
  -51    0    0        0.097719980084419
  -50    0    0        0.097705683442728
  -49    0    0        0.097693820260594
  -48    0    0        0.097684281334363
  -47    0    0        0.097676957860443
  -46    0    0        0.097671741520455
  -45    0    0        0.097668524566921
  -44    0    0        0.097667199909156
  -43    0    0        0.097667661199544
  -42    0    0        0.097669802919931
  -41    0    0        0.097673520468107
  -40    0    0        0.097678710244256
  -39    0    0        0.097685269737395
  -38    0    0        0.097693097611487
  -37    0    0        0.097702093791340
  -36    0    0        0.097712159548090
  -35    0    0        0.097723197584179
  -34    0    0        0.097735112117754
  -33    0    0        0.097747808966292
  -32    0    0        0.097761195629562
  -31    0    0        0.097775181371554
  -30    0    0        0.097789677301393
  -29    0    0        0.097804596453217
  -28    0    0        0.097819853864864
  -27    0    0        0.097835366654993
  -26    0    0        0.097851054099046
  -25    0    0        0.097866837703576
  -24    0    0        0.097882641278834
  -23    0    0        0.097898391009791
  -22    0    0        0.097914015525154
  -21    0    0        0.097929445964563
  -20    0    0        0.097944616043622
  -19    0    0        0.097959462116951
  -18    0    0        0.097973923238867
  -17    0    0        0.097987941221766
  -16    0    0        0.098001460692154
  -15    0    0        0.098014429144152
  -14    0    0        0.098026796990363
  -13    0    0        0.098038517610159
  -12    0    0        0.098049547395205
  -11    0    0        0.098059845792137
  -10    0    0        0.098069375342386
   -9    0    0        0.098078101719115
   -8    0    0        0.098085993761033
   -7    0    0        0.098093023503285
   -6    0    0        0.098099166205134
   -5    0    0        0.098104400374556
   -4    0    0        0.098108707789581
   -3    0    0        0.098112073516511
   -2    0    0        0.098114485924717
   -1    0    0        0.098115936698327
    0    0    0        0.098116420844474
    1    0    0        0.098115936698327
    2    0    0        0.098114485924717
    3    0    0        0.098112073516511
    4    0    0        0.098108707789581
    5    0    0        0.098104400374556
    6    0    0        0.098099166205134
    7    0    0        0.098093023503285
    8    0    0        0.098085993761033
    9    0    0        0.098078101719115
   10    0    0        0.098069375342386
   11    0    0        0.098059845792137
   12    0    0        0.098049547395205
   13    0    0        0.098038517610159
   14    0    0        0.098026796990363
   15    0    0        0.098014429144152
   16    0    0        0.098001460692154
   17    0    0        0.097987941221766
   18    0    0        0.097973923238867
   19    0    0        0.097959462116951
   20    0    0        0.097944616043622
   21    0    0        0.097929445964563
   22    0    0        0.097914015525154
   23    0    0        0.097898391009791
   24    0    0        0.097882641278834
   25    0    0        0.097866837703576
   26    0    0        0.097851054099046
   27    0    0        0.097835366654993
   28    0    0        0.097819853864864
   29    0    0        0.097804596453217
   30    0    0        0.097789677301393
   31    0    0        0.097775181371554
   32    0    0        0.097761195629562
   33    0    0        0.097747808966292
   34    0    0        0.097735112117754
   35    0    0        0.097723197584179
   36    0    0        0.097712159548090
   37    0    0        0.097702093791340
   38    0    0        0.097693097611487
   39    0    0        0.097685269737395
   40    0    0        0.097678710244256
   41    0    0        0.097673520468107
   42    0    0        0.097669802919931
   43    0    0        0.097667661199544
   44    0    0        0.097667199909156
   45    0    0        0.097668524566921
   46    0    0        0.097671741520455
   47    0    0        0.097676957860443
   48    0    0        0.097684281334363
   49    0    0        0.097693820260594
   50    0    0        0.097705683442728
   51    0    0        0.097719980084419
   52    0    0        0.097736819704706
   53    0    0        0.097756312053942
   54    0    0        0.097778567030396
   55    0    0        0.097803694597575
   56    0    0        0.097831804702353
   57    0    0        0.097863007194126
   58    0    0        0.097897411744661
   59    0    0        0.097935127769185
   60    0    0        0.097976264348489
   61    0    0        0.098020930152050
   62    0    0        0.098069233362545
   63    0    0        0.098121281601378
   64    0    0        0.098177181855682
   65    0    0        0.098237040406517
   66    0    0        0.098300962758543
   67    0    0        0.098369053570919
   68    0    0        0.098441416589935
   69    0    0        0.098518154582831
   70    0    0        0.098599369273240
   71    0    0        0.098685161278205
   72    0    0        0.098775630046641
   73    0    0        0.098870873799405
   74    0    0        0.098970989470897
   75    0    0        0.099076072652416
   76    0    0        0.099186217536799
   77    0    0        0.099301516864989
   78    0    0        0.099422061873995
   79    0    0        0.099547942246554
   80    0    0        0.099679246062301
   81    0    0        0.099816059750620
   82    0    0        0.099958468045073
   83    0    0        0.100106553939291
   84    0    0        0.100260398644635
   85    0    0        0.100420081549203
   86    0    0        0.100585680178496
   87    0    0        0.100757270157585
   88    0    0        0.100934925174805
   89    0    0        0.101118716946881
   90    0    0        0.101308715185664
   91    0    0        0.101504987566186
   92    0    0        0.101707599696348
   93    0    0        0.101916615087947
   94    0    0        0.102132095129174
   95    0    0        0.102354099058584
   96    0    0        0.102582683940528
   97    0    0        0.102817904641988
   98    0    0        0.103059813810887
   99    0    0        0.103308461855929
  100    0    0        0.103563896927798
  101    0    0        0.103826164902033
  102    0    0        0.104095309363273
  103    0    0        0.104371371591201
  104    0    0        0.104654390548022
  105    0    0        0.104944402867646
  106    0    0        0.105241442846517
  107    0    0        0.105545542436224
  108    0    0        0.105856731238021
  109    0    0        0.106175036499073
  110    0    0        0.106500483110810
  111    0    0        0.106833093609278
  112    0    0        0.107172888177621
  113    0    0        0.107519884650802
  114    0    0        0.107874098522625
  115    0    0        0.108235542955217
  116    0    0        0.108604228790934
  117    0    0        0.108980164567051
  118    0    0        0.109363356533022
  119    0    0        0.109753808670643
  120    0    0        0.110151522717209
  121    0    0        0.110556498191623
  122    0    0        0.110968732423696
  123    0    0        0.111388220586673
  124    0    0        0.111814955733118
  125    0    0        0.112248928834184
  126    0    0        0.112690128822421
  127    0    0        0.113138542637997
  128    0    0        0.113594155278719
  129    0    0        0.114056949853550
  130    0    0        0.114526907639792
  131    0    0        0.115004008144018
  132    0    0        0.115488229166519
  133    0    0        0.115979546869482
  134    0    0        0.116477935848614
  135    0    0        0.116983369208245
  136    0    0        0.117495818639815
  137    0    0        0.118015254503498
  138    0    0        0.118541645912879
  139    0    0        0.119074960822476
  140    0    0        0.119615166117841
  141    0    0        0.120162227708002
  142    0    0        0.120716110619911
  143    0    0        0.121276779094699
  144    0    0        0.121844196685148
  145    0    0        0.122418326354248
  146    0    0        0.122999130574276
  147    0    0        0.123586571425901
  148    0    0        0.124180610697101
  149    0    0        0.124781209981047
  150    0    0        0.125388330772742
  151    0    0        0.126001934563730
  152    0    0        0.126621982934423
  153    0    0        0.127248437643437
  154    0    0        0.127881260713371
  155    0    0        0.128520414512743
  156    0    0        0.129165861833063
  157    0    0        0.129817565961086
  158    0    0        0.130475490745373
  159    0    0        0.131139600656749
  160    0    0        0.131809860842443
  161    0    0        0.132486237173287
  162    0    0        0.133168696283705
  163    0    0        0.133857205604232
  164    0    0        0.134551733386354
  165    0    0        0.135252248719355
  166    0    0        0.135958721539232
  167    0    0        0.136671122629552
  168    0    0        0.137389423614257
  169    0    0        0.138113596942520
  170    0    0        0.138843615866013
  171    0    0        0.139579454408389
  172    0    0        0.140321087327811
  173    0    0        0.141068490072493
  174    0    0        0.141821638729890
  175    0    0        0.142580509969988
  176    0    0        0.143345080983153
  177    0    0        0.144115329413157
  178    0    0        0.144891233286089
  179    0    0        0.145672770935544
  180    0    0        0.146459920924943
  181    0    0        0.147252661967491
  182    0    0        0.148050972844426
  183    0    0        0.148854832322216
  184    0    0        0.149664219069119
  185    0    0        0.150479111571849
  186    0    0        0.151299488052552
  187    0    0        0.152125326386687
  188    0    0        0.152956604021911
  189    0    0        0.153793297898485
  190    0    0        0.154635384370897
  191    0    0        0.155482839131023
  192    0    0        0.156335637132624
  193    0    0        0.157193752516739
  194    0    0        0.158057158537818
  195    0    0        0.158925827489923
  196    0    0        0.159799730632355
  197    0    0        0.160678838113809
  198    0    0        0.161563118894119
  199    0    0        0.162452540662485
  200    0    0        0.163347069750703
  201    0    0        0.164246671040196
  202    0    0        0.165151307860939
  203    0    0        0.166060941880797
  204    0    0        0.166975532983063
  205    0    0        0.167895039130392
  206    0    0        0.168819416212783
  207    0    0        0.169748617877282
  208    0    0        0.170682595337010
  209    0    0        0.171621297156862
  210    0    0        0.172564669013383
  211    0    0        0.173512653425615
  212    0    0        0.174465189454757
  213    0    0        0.175422212369023
  214    0    0        0.176383653271250
  215    0    0        0.177349438685940
  216    0    0        0.178319490102921
  217    0    0        0.179293723474608
  218    0    0        0.180272048663815
  219    0    0        0.181254368839204
  220    0    0        0.182240579815713
  221    0    0        0.183230569337008
  222    0    0        0.184224216297453
  223    0    0        0.185221389901118
  224    0    0        0.186221948755480
  225    0    0        0.187225739897880
  226    0    0        0.188232597752569
  227    0    0        0.189242343016939
  228    0    0        0.190254781475278
  229    0    0        0.191269702739022
  230    0    0        0.192286878912413
  231    0    0        0.193306063182756
  232    0    0        0.194326988334779
  233    0    0        0.195349365188425
  234    0    0        0.196372880959856
  235    0    0        0.197397197545011
  236    0    0        0.198421949725242
  237    0    0        0.199446743294026
  238    0    0        0.200471153103648
  239    0    0        0.201494721029671
  240    0    0        0.202516953850880
  241    0    0        0.203537321040600
  242    0    0        0.204555252465117
  243    0    0        0.205570135982303
  244    0    0        0.206581314933647
  245    0    0        0.207588085520037
  246    0    0        0.208589694051285
  247    0    0        0.209585334058213
  248    0    0        0.210574143256154
  249    0    0        0.211555200349780
  250    0    0        0.212527521672832
  251    0    0        0.213490057662357
  252    0    0        0.214441689177708
  253    0    0        0.215381223691167
  254    0    0        0.216307391401830
  255    0    0        0.217218841359084
  256    0    0        0.218114137731147
  257    0    0        0.218991756418548
  258    0    0        0.219850082297310
  259    0    0        0.220687407481510
  260    0    0        0.221501931121838
  261    0    0        0.222291761399633
  262    0    0        0.223054920526581
  263    0    0        0.223789353697611
  264    0    0        0.224492943040266
  265    0    0        0.225163527613138
  266    0    0        0.225798930375144
  267    0    0        0.226396992718730
  268    0    0        0.226955616585275
  269    0    0        0.227472813346933
  270    0    0        0.227946757591620
  271    0    0        0.228375842814100
  272    0    0        0.228758735008578
  273    0    0        0.229094419537671
  274    0    0        0.229382236665886
  275    0    0        0.229621901928355
  276    0    0        0.229813509011972
  277    0    0        0.229957514804590
  278    0    0        0.230054708324159
  279    0    0        0.230106166951544
  280    0    0        0.230113204445078
  281    0    0        0.230077315487555
  282    0    0        0.230000121085624
  283    0    0        0.229883318224655
  284    0    0        0.229728636047504
  285    0    0        0.229537799710700
  286    0    0        0.229312502137242
  287    0    0        0.229054383206278
  288    0    0        0.228765015500978
  289    0    0        0.228445895538540
  290    0    0        0.228098439372875
  291    0    0        0.227723981533686
  292    0    0        0.227323776397007
  293    0    0        0.226899001235949
  294    0    0        0.226450760353363
  295    0    0        0.225980089837018
  296    0    0        0.225487962596517
  297    0    0        0.224975293437976
  298    0    0        0.224442944009090
  299    0    0        0.223891727505488
  300    0    0        0.223322413073082
  301    0    0        0.222735729872477
  302    0    0        0.222132370794018
  303    0    0        0.221512995827042
  304    0    0        0.220878235096992
  305    0    0        0.220228691589952
  306    0    0        0.219564943587670
  307    0    0        0.218887546837407
  308    0    0        0.218197036481128
  309    0    0        0.217493928767871
  310    0    0        0.216778722571703
  311    0    0        0.216051900736395
  312    0    0        0.215313931265952
  313    0    0        0.214565268378585
  314    0    0        0.213806353440077
  315    0    0        0.213037615790641
  316    0    0        0.212259473478144
  317    0    0        0.211472333908972
  318    0    0        0.210676594426634
  319    0    0        0.209872642827074
  320    0    0        0.209060857818536
  321    0    0        0.208241609432988
  322    0    0        0.207415259395207
  323    0    0        0.206582161454949
  324    0    0        0.205742661686911
  325    0    0        0.204897098762628
  326    0    0        0.204045804197960
  327    0    0        0.203189102579262
  328    0    0        0.202327311771076
  329    0    0        0.201460743107654
  330    0    0        0.200589701570408
  331    0    0        0.199714485953085
  332    0    0        0.198835389016192
  333    0    0        0.197952697631946
  334    0    0        0.197066692920948
  335    0    0        0.196177650381458
  336    0    0        0.195285840012127
  337    0    0        0.194391526428862
  338    0    0        0.193494968976338
  339    0    0        0.192596421834696
  340    0    0        0.191696134121810
  341    0    0        0.190794349991404
  342    0    0        0.189891308727313
  343    0    0        0.188987244834130
  344    0    0        0.188082388124385
  345    0    0        0.187176963802419
  346    0    0        0.186271192545069
  347    0    0        0.185365290579306
  348    0    0        0.184459469756878
  349    0    0        0.183553937626075
  350    0    0        0.182648897500684
  351    0    0        0.181744548526220
  352    0    0        0.180841085743510
  353    0    0        0.179938700149725
  354    0    0        0.179037578756941
  355    0    0        0.178137904648312
  356    0    0        0.177239857031990
  357    0    0        0.176343611292845
  358    0    0        0.175449339042166
  359    0    0        0.174557208165393
  360    0    0        0.173667382868053
  361    0    0        0.172780023720023
  362    0    0        0.171895287698225
  363    0    0        0.171013328227918
  364    0    0        0.170134295222737
  365    0    0        0.169258335123590
  366    0    0        0.168385590936555
  367    0    0        0.167516202269954
  368    0    0        0.166650305370714
  369    0    0        0.165788033160147
  370    0    0        0.164929515269282
  371    0    0        0.164074878073911
  372    0    0        0.163224244729405
  373    0    0        0.162377735205487
  374    0    0        0.161535466321013
  375    0    0        0.160697551778873
  376    0    0        0.159864102201132
  377    0    0        0.159035225164477
  378    0    0        0.158211025236004
  379    0    0        0.157391604009513
  380    0    0        0.156577060142221
  381    0    0        0.155767489392111
  382    0    0        0.154962984655783
  383    0    0        0.154163636007007
  384    0    0        0.153369530735825
  385    0    0        0.152580753388388
  386    0    0        0.151797385807388
  387    0    0        0.151019507173193
  388    0    0        0.150247194045589
  389    0    0        0.149480520406197
  390    0    0        0.148719557701458
  391    0    0        0.147964374886241
  392    0    0        0.147215038467982
  393    0    0        0.146471612551342
  394    0    0        0.145734158883350
  395    0    0        0.145002736898980
  396    0    0        0.144277403767085
  397    0    0        0.143558214436722
  398    0    0        0.142845221683717
  399    0    0        0.142138476157468
  400    0    0        0.141438026427956
  401    0    0        0.140743919032852
  402    0    0        0.140056198524696
  403    0    0        0.139374907518121
  404    0    0        0.138700086736987
  405    0    0        0.138031775061468
  406    0    0        0.137370009574962
  407    0    0        0.136714825610842
  408    0    0        0.136066256798904
  409    0    0        0.135424335111577
  410    0    0        0.134789090909759
  411    0    0        0.134160552988282
  412    0    0        0.133538748620960
  413    0    0        0.132923703605151
  414    0    0        0.132315442305846
  415    0    0        0.131713987699209
  416    0    0        0.131119361415563
  417    0    0        0.130531583781781
  418    0    0        0.129950673863076
  419    0    0        0.129376649504131
  420    0    0        0.128809527369604
  421    0    0        0.128249322983956
  422    0    0        0.127696050770591
  423    0    0        0.127149724090319
  424    0    0        0.126610355279133
  425    0    0        0.126077955685284
  426    0    0        0.125552535705662
  427    0    0        0.125034104821528
  428    0    0        0.124522671633512
  429    0    0        0.124018243896014
  430    0    0        0.123520828550919
  431    0    0        0.123030431760711
  432    0    0        0.122547058940986
  433    0    0        0.122070714792377
  434    0    0        0.121601403331993
  435    0    0        0.121139127924302
  436    0    0        0.120683891311596
  437    0    0        0.120235695644044
  438    0    0        0.119794542509361
  439    0    0        0.119360432962204
  440    0    0        0.118933367553313
  441    0    0        0.118513346358461
  442    0    0        0.118100369007311
  443    0    0        0.117694434712241
  444    0    0        0.117295542297193
  445    0    0        0.116903690226685
  446    0    0        0.116518876635008
  447    0    0        0.116141099355751
  448    0    0        0.115770355951750
  449    0    0        0.115406643745502
  450    0    0        0.115049959850229
  451    0    0        0.114700301201648
  452    0    0        0.114357664590543
  453    0    0        0.114022046696271
  454    0    0        0.113693444121288
  455    0    0        0.113371853426782
  456    0    0        0.113057271169499
  457    0    0        0.112749693939866
  458    0    0        0.112449118401396
  459    0    0        0.112155541331495
  460    0    0        0.111868959663621
  461    0    0        0.111589370530814
  462    0    0        0.111316771310523
  463    0    0        0.111051159670609
  464    0    0        0.110792533616421
  465    0    0        0.110540891538677
  466    0    0        0.110296232261931
  467    0    0        0.110058555093193
  468    0    0        0.109827859870345
  469    0    0        0.109604147009767
  470    0    0        0.109387417552566
  471    0    0        0.109177673208701
  472    0    0        0.108974916398137
  473    0    0        0.108779150288141
  474    0    0        0.108590378825701
  475    0    0        0.108408606763902
  476    0    0        0.108233839681166
  477    0    0        0.108066083992101
  478    0    0        0.107905346948651
  479    0    0        0.107751636630462
  480    0    0        0.107604961923145
  481    0    0        0.107465332483460
  482    0    0        0.107332758690469
  483    0    0        0.107207251581988
  484    0    0        0.107088822775877
  485    0    0        0.106977484376103
  486    0    0        0.106873248863863
  487    0    0        0.106776128974451
  488    0    0        0.106686137561112
  489    0    0        0.106603287447496
  490    0    0        0.106527591270901
  491    0    0        0.106459061318910
  492    0    0        0.106397709362479
  493    0    0        0.106343546488865
  494    0    0        0.106296582938051
  495    0    0        0.106256827946513
  496    0    0        0.106224289602093
  497    0    0        0.106198974713820
  498    0    0        0.106180888700025
  499    0    0        0.106170035497866
  500    0    0        0.106166417496794
