 -500    0    0        0.859232606535078
 -499    0    0        0.859213495643557
 -498    0    0        0.859156173963291
 -497    0    0        0.859060674446062
 -496    0    0        0.858927051907805
 -495    0    0        0.858755382873783
 -494    0    0        0.858545765363377
 -493    0    0        0.858298318615778
 -492    0    0        0.858013182758224
 -491    0    0        0.857690518419318
 -490    0    0        0.857330506289480
 -489    0    0        0.856933346631419
 -488    0    0        0.856499258743390
 -487    0    0        0.856028480378711
 -486    0    0        0.855521267124541
 -485    0    0        0.854977891743471
 -484    0    0        0.854398643481637
 -483    0    0        0.853783827346641
 -482    0    0        0.853133763359374
 -481    0    0        0.852448785782913
 -480    0    0        0.851729242332577
 -479    0    0        0.850975493370422
 -478    0    0        0.850187911087997
 -477    0    0        0.849366878680565
 -476    0    0        0.848512789516417
 -475    0    0        0.847626046304298
 -474    0    0        0.846707060262308
 -473    0    0        0.845756250291231
 -472    0    0        0.844774042155032
 -471    0    0        0.843760867671398
 -470    0    0        0.842717163914780
 -469    0    0        0.841643372434345
 -468    0    0        0.840539938488923
 -467    0    0        0.839407310301232
 -466    0    0        0.838245938332792
 -465    0    0        0.837056274581443
 -464    0    0        0.835838771902864
 -463    0    0        0.834593883357058
 -462    0    0        0.833322061581205
 -461    0    0        0.832023758189305
 -460    0    0        0.830699423199575
 -459    0    0        0.829349504489831
 -458    0    0        0.827974447281171
 -457    0    0        0.826574693650055
 -456    0    0        0.825150682068696
 -455    0    0        0.823702846973547
 -454    0    0        0.822231618361492
 -453    0    0        0.820737421413282
 -452    0    0        0.819220676143507
 -451    0    0        0.817681797076602
 -450    0    0        0.816121192947787
 -449    0    0        0.814539266428467
 -448    0    0        0.812936413874736
 -447    0    0        0.811313025098431
 -446    0    0        0.809669483159505
 -445    0    0        0.808006164178664
 -444    0    0        0.806323437169556
 -443    0    0        0.804621663889187
 -442    0    0        0.802901198705742
 -441    0    0        0.801162388482861
 -440    0    0        0.799405572479432
 -439    0    0        0.797631082263998
 -438    0    0        0.795839241643007
 -437    0    0        0.794030366602193
 -436    0    0        0.792204765260285
 -435    0    0        0.790362737834515
 -434    0    0        0.788504576617358
 -433    0    0        0.786630565964017
 -432    0    0        0.784740982290263
 -431    0    0        0.782836094080360
 -430    0    0        0.780916161904777
 -429    0    0        0.778981438447563
 -428    0    0        0.777032168543347
 -427    0    0        0.775068589223914
 -426    0    0        0.773090929774508
 -425    0    0        0.771099411800001
 -424    0    0        0.769094249301133
 -423    0    0        0.767075648761264
 -422    0    0        0.765043809243923
 -421    0    0        0.762998922501721
 -420    0    0        0.760941173097072
 -419    0    0        0.758870738535561
 -418    0    0        0.756787789412371
 -417    0    0        0.754692489572838
 -416    0    0        0.752584996287826
 -415    0    0        0.750465460444876
 -414    0    0        0.748334026756235
 -413    0    0        0.746190833984805
 -412    0    0        0.744036015189233
 -411    0    0        0.741869697989469
 -410    0    0        0.739692004854102
 -409    0    0        0.737503053411163
 -408    0    0        0.735302956783884
 -407    0    0        0.733091823953257
 -406    0    0        0.730869760149325
 -405    0    0        0.728636867273398
 -404    0    0        0.726393244353299
 -403    0    0        0.724138988034458
 -402    0    0        0.721874193109371
 -401    0    0        0.719598953088734
 -400    0    0        0.717313360817415
 -399    0    0        0.715017509139404
 -398    0    0        0.712711491615687
 -397    0    0        0.710395403299930
 -396    0    0        0.708069341577452
 -395    0    0        0.705733407073408
 -394    0    0        0.703387704637178
 -393    0    0        0.701032344410916
 -392    0    0        0.698667442991071
 -391    0    0        0.696293124693395
 -390    0    0        0.693909522933388
 -389    0    0        0.691516781735792
 -388    0    0        0.689115057389191
 -387    0    0        0.686704520264406
 -386    0    0        0.684285356818043
 -385    0    0        0.681857771806912
 -384    0    0        0.679421990742505
 -383    0    0        0.676978262621042
 -382    0    0        0.674526862969474
 -381    0    0        0.672068097256602
 -380    0    0        0.669602304726247
 -379    0    0        0.667129862720956
 -378    0    0        0.664651191576664
 -377    0    0        0.662166760184906
 -376    0    0        0.659677092336730
 -375    0    0        0.657182773985349
 -374    0    0        0.654684461589902
 -373    0    0        0.652182891735378
 -372    0    0        0.649678892259640
 -371    0    0        0.647173395164212
 -370    0    0        0.644667451635441
 -369    0    0        0.642162249563635
 -368    0    0        0.639659134013752
 -367    0    0        0.637159631176312
 -366    0    0        0.634665476402932
 -365    0    0        0.632178647005871
 -364    0    0        0.629701400557986
 -363    0    0        0.627236319451746
 -362    0    0        0.624786362426560
 -361    0    0        0.622354923599058
 -360    0    0        0.619945899148086
 -359    0    0        0.617563761091728
 -358    0    0        0.615213636380018
 -357    0    0        0.612901387592568
 -356    0    0        0.610633688631050
 -355    0    0        0.608418084720367
 -354    0    0        0.606263020759810
 -353    0    0        0.604177816026124
 -352    0    0        0.602172557716451
 -351    0    0        0.600257883383588
 -350    0    0        0.598444626883243
 -349    0    0        0.596743318468054
 -348    0    0        0.595163559671795
 -347    0    0        0.593713334490004
 -346    0    0        0.592398358238210
 -345    0    0        0.591221585592150
 -344    0    0        0.590182983055112
 -343    0    0        0.589279616511529
 -342    0    0        0.588506030023325
 -341    0    0        0.587854827708865
 -340    0    0        0.587317340225485
 -339    0    0        0.586884265806392
 -338    0    0        0.586546210118192
 -337    0    0        0.586294090389025
 -336    0    0        0.586119402931026
 -335    0    0        0.586014373584487
 -334    0    0        0.585972018737104
 -333    0    0        0.585986144395172
 -332    0    0        0.586051306394991
 -331    0    0        0.586162749173185
 -330    0    0        0.586316335195849
 -329    0    0        0.586508472849852
 -328    0    0        0.586736047436987
 -327    0    0        0.586996357737842
 -326    0    0        0.587287059202560
 -325    0    0        0.587606113963281
 -324    0    0        0.587951747371710
 -323    0    0        0.588322410513872
 -322    0    0        0.588716748051723
 -321    0    0        0.589133570726154
 -320    0    0        0.589571831889417
 -319    0    0        0.590030607491729
 -318    0    0        0.590509079012841
 -317    0    0        0.591006518895674
 -316    0    0        0.591522278101521
 -315    0    0        0.592055775462620
 -314    0    0        0.592606488557328
 -313    0    0        0.593173945876043
 -312    0    0        0.593757720082326
 -311    0    0        0.594357422204818
 -310    0    0        0.594972696621537
 -309    0    0        0.595603216719978
 -308    0    0        0.596248681134950
 -307    0    0        0.596908810481235
 -306    0    0        0.597583344511164
 -305    0    0        0.598272039637824
 -304    0    0        0.598974666773717
 -303    0    0        0.599691009442090
 -302    0    0        0.600420862124626
 -301    0    0        0.601164028814451
 -300    0    0        0.601920321747757
 -299    0    0        0.602689560291405
 -298    0    0        0.603471569966776
 -297    0    0        0.604266181592985
 -296    0    0        0.605073230534919
 -295    0    0        0.605892556043308
 -294    0    0        0.606724000676003
 -293    0    0        0.607567409790763
 -292    0    0        0.608422631101295
 -291    0    0        0.609289514289190
 -290    0    0        0.610167910665460
 -289    0    0        0.611057672875993
 -288    0    0        0.611958654646052
 -287    0    0        0.612870710559417
 -286    0    0        0.613793695868481
 -285    0    0        0.614727466331735
 -284    0    0        0.615671878075864
 -283    0    0        0.616626787479603
 -282    0    0        0.617592051077205
 -281    0    0        0.618567525479314
 -280    0    0        0.619553067309433
 -279    0    0        0.620548533154424
 -278    0    0        0.621553779527470
 -277    0    0        0.622568662842262
 -276    0    0        0.623593039397370
 -275    0    0        0.624626765369506
 -274    0    0        0.625669696815113
 -273    0    0        0.626721689679181
 -272    0    0        0.627782599810714
 -271    0    0        0.628852282984189
 -270    0    0        0.629930594926368
 -269    0    0        0.631017391348018
 -268    0    0        0.632112527980025
 -267    0    0        0.633215860613481
 -266    0    0        0.634327245143359
 -265    0    0        0.635446537615465
 -264    0    0        0.636573594276271
 -263    0    0        0.637708271625370
 -262    0    0        0.638850426470335
 -261    0    0        0.639999915983539
 -260    0    0        0.641156597760907
 -259    0    0        0.642320329882203
 -258    0    0        0.643490970972652
 -257    0    0        0.644668380265738
 -256    0    0        0.645852417666890
 -255    0    0        0.647042943817823
 -254    0    0        0.648239820161402
 -253    0    0        0.649442909006722
 -252    0    0        0.650652073594253
 -251    0    0        0.651867178160791
 -250    0    0        0.653088088004006
 -249    0    0        0.654314669546404
 -248    0    0        0.655546790398400
 -247    0    0        0.656784319420376
 -246    0    0        0.658027126783403
 -245    0    0        0.659275084028465
 -244    0    0        0.660528064123910
 -243    0    0        0.661785941520894
 -242    0    0        0.663048592206634
 -241    0    0        0.664315893755097
 -240    0    0        0.665587725375033
 -239    0    0        0.666863967954972
 -238    0    0        0.668144504104973
 -237    0    0        0.669429218194903
 -236    0    0        0.670717996388836
 -235    0    0        0.672010726675474
 -234    0    0        0.673307298894115
 -233    0    0        0.674607604755992
 -232    0    0        0.675911537860605
 -231    0    0        0.677218993706729
 -230    0    0        0.678529869697715
 -229    0    0        0.679844065140752
 -228    0    0        0.681161481239633
 -227    0    0        0.682482021080776
 -226    0    0        0.683805589611652
 -225    0    0        0.685132093611610
 -224    0    0        0.686461441654222
 -223    0    0        0.687793544060668
 -222    0    0        0.689128312843633
 -221    0    0        0.690465661640734
 -220    0    0        0.691805505637116
 -219    0    0        0.693147761476052
 -218    0    0        0.694492347156775
 -217    0    0        0.695839181918474
 -216    0    0        0.697188186109391
 -215    0    0        0.698539281039704
 -214    0    0        0.699892388816844
 -213    0    0        0.701247432161700
 -212    0    0        0.702604334204047
 -211    0    0        0.703963018255175
 -210    0    0        0.705323407555787
 -209    0    0        0.706685424996520
 -208    0    0        0.708048992808774
 -207    0    0        0.709414032222567
 -206    0    0        0.710780463088301
 -205    0    0        0.712148203458642
 -204    0    0        0.713517169126334
 -203    0    0        0.714887273113280
 -202    0    0        0.716258425105650
 -201    0    0        0.717630530829022
 -200    0    0        0.719003491357011
 -199    0    0        0.720377202345807
 -198    0    0        0.721751553186287
 -197    0    0        0.723126426064137
 -196    0    0        0.724501694917405
 -195    0    0        0.725877224279445
 -194    0    0        0.727252867993781
 -193    0    0        0.728628467785786
 -192    0    0        0.730003851674133
 -191    0    0        0.731378832203129
 -190    0    0        0.732753204474682
 -189    0    0        0.734126743956333
 -188    0    0        0.735499204039356
 -187    0    0        0.736870313318211
 -186    0    0        0.738239772560077
 -185    0    0        0.739607251330822
 -184    0    0        0.740972384241397
 -183    0    0        0.742334766777380
 -182    0    0        0.743693950673706
 -181    0    0        0.745049438797880
 -180    0    0        0.746400679508442
 -179    0    0        0.747747060462560
 -178    0    0        0.749087901858783
 -177    0    0        0.750422449119816
 -176    0    0        0.751749865048891
 -175    0    0        0.753069221534177
 -174    0    0        0.754379490933614
 -173    0    0        0.755679537351135
 -172    0    0        0.756968108120435
 -171    0    0        0.758243825949006
 -170    0    0        0.759505182347106
 -169    0    0        0.760750533175870
 -168    0    0        0.761978097392366
 -167    0    0        0.763185960334788
 -166    0    0        0.764372083153779
 -165    0    0        0.765534320211428
 -164    0    0        0.766670446372400
 -163    0    0        0.767778196011152
 -162    0    0        0.768855315149593
 -161    0    0        0.769899627315506
 -160    0    0        0.770909112407178
 -159    0    0        0.771881996080742
 -158    0    0        0.772816845099010
 -157    0    0        0.773712662014045
 -156    0    0        0.774568970966141
 -155    0    0        0.775385885786118
 -154    0    0        0.776164152386138
 -153    0    0        0.776905159726345
 -152    0    0        0.777610917153197
 -151    0    0        0.778283999949760
 -150    0    0        0.778927468664639
 -149    0    0        0.779544770426985
 -148    0    0        0.780139631576505
 -147    0    0        0.780715950526248
 -146    0    0        0.781277698183752
 -145    0    0        0.781828831023602
 -144    0    0        0.782373219564803
 -143    0    0        0.782914592964582
 -142    0    0        0.783456498909313
 -141    0    0        0.784002277014368
 -140    0    0        0.784555043471960
 -139    0    0        0.785117684591349
 -138    0    0        0.785692857028783
 -137    0    0        0.786282992795485
 -136    0    0        0.786890307474910
 -135    0    0        0.787516810422235
 -134    0    0        0.788164316026471
 -133    0    0        0.788834455376193
 -132    0    0        0.789528687877330
 -131    0    0        0.790248312533517
 -130    0    0        0.790994478717705
 -129    0    0        0.791768196349161
 -128    0    0        0.792570345447573
 -127    0    0        0.793401685073414
 -126    0    0        0.794262861685581
 -125    0    0        0.795154416958400
 -124    0    0        0.796076795103505
 -123    0    0        0.797030349740716
 -122    0    0        0.798015350358108
 -121    0    0        0.799031988394558
 -120    0    0        0.800080382973397
 -119    0    0        0.801160586307885
 -118    0    0        0.802272588794770
 -117    0    0        0.803416323807301
 -116    0    0        0.804591672194980
 -115    0    0        0.805798466495166
 -114    0    0        0.807036494859494
 -113    0    0        0.808305504697072
 -112    0    0        0.809605206036702
 -111    0    0        0.810935274609694
 -110    0    0        0.812295354656904
 -109    0    0        0.813685061463261
 -108    0    0        0.815103983625179
 -107    0    0        0.816551685057658
 -106    0    0        0.818027706748119
 -105    0    0        0.819531568266582
 -104    0    0        0.821062769042110
 -103    0    0        0.822620789416487
 -102    0    0        0.824205091487382
 -101    0    0        0.825815119753651
 -100    0    0        0.827450301575584
  -99    0    0        0.829110047464282
  -98    0    0        0.830793751213299
  -97    0    0        0.832500789886903
  -96    0    0        0.834230523678669
  -95    0    0        0.835982295654195
  -94    0    0        0.837755431391641
  -93    0    0        0.839549238533503
  -92    0    0        0.841363006262978
  -91    0    0        0.843196004717641
  -90    0    0        0.845047484353527
  -89    0    0        0.846916675271583
  -88    0    0        0.848802786519307
  -87    0    0        0.850705005379179
  -86    0    0        0.852622496656074
  -85    0    0        0.854554401975020
  -84    0    0        0.856499839101552
  -83    0    0        0.858457901295544
  -82    0    0        0.860427656710782
  -81    0    0        0.862408147851418
  -80    0    0        0.864398391097306
  -79    0    0        0.866397376309814
  -78    0    0        0.868404066530259
  -77    0    0        0.870417397782736
  -76    0    0        0.872436278993841
  -75    0    0        0.874459592041441
  -74    0    0        0.876486191945273
  -73    0    0        0.878514907211454
  -72    0    0        0.880544540343859
  -71    0    0        0.882573868534974
  -70    0    0        0.884601644548212
  -69    0    0        0.886626597803887
  -68    0    0        0.888647435680563
  -67    0    0        0.890662845042491
  -66    0    0        0.892671494002796
  -65    0    0        0.894672033931576
  -64    0    0        0.896663101715825
  -63    0    0        0.898643322276063
  -62    0    0        0.900611311343642
  -61    0    0        0.902565678497861
  -60    0    0        0.904505030461207
  -59    0    0        0.906427974645406
  -58    0    0        0.908333122939224
  -57    0    0        0.910219095722347
  -56    0    0        0.912084526087093
  -55    0    0        0.913928064243196
  -54    0    0        0.915748382076752
  -53    0    0        0.917544177828897
  -52    0    0        0.919314180854590
  -51    0    0        0.921057156416842
  -50    0    0        0.922771910467791
  -49    0    0        0.924457294363203
  -48    0    0        0.926112209454739
  -47    0    0        0.927735611500948
  -46    0    0        0.929326514838128
  -45    0    0        0.930883996251036
  -44    0    0        0.932407198486159
  -43    0    0        0.933895333351668
  -42    0    0        0.935347684354846
  -41    0    0        0.936763608830880
  -40    0    0        0.938142539526296
  -39    0    0        0.939483985607480
  -38    0    0        0.940787533074453
  -37    0    0        0.942052844569291
  -36    0    0        0.943279658579808
  -35    0    0        0.944467788048716
  -34    0    0        0.945617118409041
  -33    0    0        0.946727605074852
  -32    0    0        0.947799270427728
  -31    0    0        0.948832200342844
  -30    0    0        0.949826540308134
  -29    0    0        0.950782491193210
  -28    0    0        0.951700304727852
  -27    0    0        0.952580278751063
  -26    0    0        0.953422752293305
  -25    0    0        0.954228100552252
  -24    0    0        0.954996729818755
  -23    0    0        0.955729072408796
  -22    0    0        0.956425581650180
  -21    0    0        0.957086726969494
  -20    0    0        0.957712989118059
  -19    0    0        0.958304855570666
  -18    0    0        0.958862816124720
  -17    0    0        0.959387358721590
  -16    0    0        0.959878965507208
  -15    0    0        0.960338109143401
  -14    0    0        0.960765249376419
  -13    0    0        0.961160829865999
  -12    0    0        0.961525275274961
  -11    0    0        0.961858988614347
  -10    0    0        0.962162348839567
   -9    0    0        0.962435708689158
   -8    0    0        0.962679392757229
   -7    0    0        0.962893695789921
   -6    0    0        0.963078881195747
   -5    0    0        0.963235179758957
   -4    0    0        0.963362788547588
   -3    0    0        0.963461870005905
   -2    0    0        0.963532551223386
   -1    0    0        0.963574923374077
    0    0    0        0.963589041319877
    1    0    0        0.963574923374077
    2    0    0        0.963532551223386
    3    0    0        0.963461870005905
    4    0    0        0.963362788547588
    5    0    0        0.963235179758957
    6    0    0        0.963078881195747
    7    0    0        0.962893695789921
    8    0    0        0.962679392757229
    9    0    0        0.962435708689158
   10    0    0        0.962162348839567
   11    0    0        0.961858988614347
   12    0    0        0.961525275274961
   13    0    0        0.961160829865999
   14    0    0        0.960765249376419
   15    0    0        0.960338109143401
   16    0    0        0.959878965507208
   17    0    0        0.959387358721590
   18    0    0        0.958862816124720
   19    0    0        0.958304855570666
   20    0    0        0.957712989118059
   21    0    0        0.957086726969494
   22    0    0        0.956425581650180
   23    0    0        0.955729072408796
   24    0    0        0.954996729818755
   25    0    0        0.954228100552252
   26    0    0        0.953422752293305
   27    0    0        0.952580278751063
   28    0    0        0.951700304727852
   29    0    0        0.950782491193210
   30    0    0        0.949826540308134
   31    0    0        0.948832200342844
   32    0    0        0.947799270427728
   33    0    0        0.946727605074852
   34    0    0        0.945617118409041
   35    0    0        0.944467788048716
   36    0    0        0.943279658579808
   37    0    0        0.942052844569291
   38    0    0        0.940787533074453
   39    0    0        0.939483985607480
   40    0    0        0.938142539526296
   41    0    0        0.936763608830880
   42    0    0        0.935347684354846
   43    0    0        0.933895333351668
   44    0    0        0.932407198486159
   45    0    0        0.930883996251036
   46    0    0        0.929326514838128
   47    0    0        0.927735611500948
   48    0    0        0.926112209454739
   49    0    0        0.924457294363203
   50    0    0        0.922771910467791
   51    0    0        0.921057156416842
   52    0    0        0.919314180854590
   53    0    0        0.917544177828897
   54    0    0        0.915748382076752
   55    0    0        0.913928064243196
   56    0    0        0.912084526087093
   57    0    0        0.910219095722347
   58    0    0        0.908333122939224
   59    0    0        0.906427974645406
   60    0    0        0.904505030461207
   61    0    0        0.902565678497861
   62    0    0        0.900611311343642
   63    0    0        0.898643322276063
   64    0    0        0.896663101715825
   65    0    0        0.894672033931576
   66    0    0        0.892671494002796
   67    0    0        0.890662845042491
   68    0    0        0.888647435680563
   69    0    0        0.886626597803887
   70    0    0        0.884601644548212
   71    0    0        0.882573868534974
   72    0    0        0.880544540343859
   73    0    0        0.878514907211454
   74    0    0        0.876486191945273
   75    0    0        0.874459592041441
   76    0    0        0.872436278993841
   77    0    0        0.870417397782736
   78    0    0        0.868404066530259
   79    0    0        0.866397376309814
   80    0    0        0.864398391097306
   81    0    0        0.862408147851418
   82    0    0        0.860427656710782
   83    0    0        0.858457901295544
   84    0    0        0.856499839101552
   85    0    0        0.854554401975020
   86    0    0        0.852622496656074
   87    0    0        0.850705005379179
   88    0    0        0.848802786519307
   89    0    0        0.846916675271583
   90    0    0        0.845047484353527
   91    0    0        0.843196004717641
   92    0    0        0.841363006262978
   93    0    0        0.839549238533503
   94    0    0        0.837755431391641
   95    0    0        0.835982295654195
   96    0    0        0.834230523678669
   97    0    0        0.832500789886903
   98    0    0        0.830793751213299
   99    0    0        0.829110047464282
  100    0    0        0.827450301575584
  101    0    0        0.825815119753651
  102    0    0        0.824205091487382
  103    0    0        0.822620789416487
  104    0    0        0.821062769042110
  105    0    0        0.819531568266582
  106    0    0        0.818027706748119
  107    0    0        0.816551685057658
  108    0    0        0.815103983625179
  109    0    0        0.813685061463261
  110    0    0        0.812295354656904
  111    0    0        0.810935274609694
  112    0    0        0.809605206036702
  113    0    0        0.808305504697072
  114    0    0        0.807036494859494
  115    0    0        0.805798466495166
  116    0    0        0.804591672194980
  117    0    0        0.803416323807301
  118    0    0        0.802272588794770
  119    0    0        0.801160586307885
  120    0    0        0.800080382973397
  121    0    0        0.799031988394558
  122    0    0        0.798015350358108
  123    0    0        0.797030349740716
  124    0    0        0.796076795103505
  125    0    0        0.795154416958400
  126    0    0        0.794262861685581
  127    0    0        0.793401685073414
  128    0    0        0.792570345447573
  129    0    0        0.791768196349161
  130    0    0        0.790994478717705
  131    0    0        0.790248312533517
  132    0    0        0.789528687877330
  133    0    0        0.788834455376193
  134    0    0        0.788164316026471
  135    0    0        0.787516810422235
  136    0    0        0.786890307474910
  137    0    0        0.786282992795485
  138    0    0        0.785692857028783
  139    0    0        0.785117684591349
  140    0    0        0.784555043471960
  141    0    0        0.784002277014368
  142    0    0        0.783456498909313
  143    0    0        0.782914592964582
  144    0    0        0.782373219564803
  145    0    0        0.781828831023602
  146    0    0        0.781277698183752
  147    0    0        0.780715950526248
  148    0    0        0.780139631576505
  149    0    0        0.779544770426985
  150    0    0        0.778927468664639
  151    0    0        0.778283999949760
  152    0    0        0.777610917153197
  153    0    0        0.776905159726345
  154    0    0        0.776164152386138
  155    0    0        0.775385885786118
  156    0    0        0.774568970966141
  157    0    0        0.773712662014045
  158    0    0        0.772816845099010
  159    0    0        0.771881996080742
  160    0    0        0.770909112407178
  161    0    0        0.769899627315506
  162    0    0        0.768855315149593
  163    0    0        0.767778196011152
  164    0    0        0.766670446372400
  165    0    0        0.765534320211428
  166    0    0        0.764372083153779
  167    0    0        0.763185960334788
  168    0    0        0.761978097392366
  169    0    0        0.760750533175870
  170    0    0        0.759505182347106
  171    0    0        0.758243825949006
  172    0    0        0.756968108120435
  173    0    0        0.755679537351135
  174    0    0        0.754379490933614
  175    0    0        0.753069221534177
  176    0    0        0.751749865048891
  177    0    0        0.750422449119816
  178    0    0        0.749087901858783
  179    0    0        0.747747060462560
  180    0    0        0.746400679508442
  181    0    0        0.745049438797880
  182    0    0        0.743693950673706
  183    0    0        0.742334766777380
  184    0    0        0.740972384241397
  185    0    0        0.739607251330822
  186    0    0        0.738239772560077
  187    0    0        0.736870313318211
  188    0    0        0.735499204039356
  189    0    0        0.734126743956333
  190    0    0        0.732753204474682
  191    0    0        0.731378832203129
  192    0    0        0.730003851674133
  193    0    0        0.728628467785786
  194    0    0        0.727252867993781
  195    0    0        0.725877224279445
  196    0    0        0.724501694917405
  197    0    0        0.723126426064137
  198    0    0        0.721751553186287
  199    0    0        0.720377202345807
  200    0    0        0.719003491357011
  201    0    0        0.717630530829022
  202    0    0        0.716258425105650
  203    0    0        0.714887273113280
  204    0    0        0.713517169126334
  205    0    0        0.712148203458642
  206    0    0        0.710780463088301
  207    0    0        0.709414032222567
  208    0    0        0.708048992808774
  209    0    0        0.706685424996520
  210    0    0        0.705323407555787
  211    0    0        0.703963018255175
  212    0    0        0.702604334204047
  213    0    0        0.701247432161700
  214    0    0        0.699892388816844
  215    0    0        0.698539281039704
  216    0    0        0.697188186109391
  217    0    0        0.695839181918474
  218    0    0        0.694492347156775
  219    0    0        0.693147761476052
  220    0    0        0.691805505637116
  221    0    0        0.690465661640734
  222    0    0        0.689128312843633
  223    0    0        0.687793544060668
  224    0    0        0.686461441654222
  225    0    0        0.685132093611610
  226    0    0        0.683805589611652
  227    0    0        0.682482021080776
  228    0    0        0.681161481239633
  229    0    0        0.679844065140752
  230    0    0        0.678529869697715
  231    0    0        0.677218993706729
  232    0    0        0.675911537860605
  233    0    0        0.674607604755992
  234    0    0        0.673307298894115
  235    0    0        0.672010726675474
  236    0    0        0.670717996388836
  237    0    0        0.669429218194903
  238    0    0        0.668144504104973
  239    0    0        0.666863967954972
  240    0    0        0.665587725375033
  241    0    0        0.664315893755097
  242    0    0        0.663048592206634
  243    0    0        0.661785941520894
  244    0    0        0.660528064123910
  245    0    0        0.659275084028465
  246    0    0        0.658027126783403
  247    0    0        0.656784319420376
  248    0    0        0.655546790398400
  249    0    0        0.654314669546404
  250    0    0        0.653088088004006
  251    0    0        0.651867178160791
  252    0    0        0.650652073594253
  253    0    0        0.649442909006722
  254    0    0        0.648239820161402
  255    0    0        0.647042943817823
  256    0    0        0.645852417666890
  257    0    0        0.644668380265738
  258    0    0        0.643490970972652
  259    0    0        0.642320329882203
  260    0    0        0.641156597760907
  261    0    0        0.639999915983539
  262    0    0        0.638850426470335
  263    0    0        0.637708271625370
  264    0    0        0.636573594276271
  265    0    0        0.635446537615465
  266    0    0        0.634327245143359
  267    0    0        0.633215860613481
  268    0    0        0.632112527980025
  269    0    0        0.631017391348018
  270    0    0        0.629930594926368
  271    0    0        0.628852282984189
  272    0    0        0.627782599810714
  273    0    0        0.626721689679181
  274    0    0        0.625669696815113
  275    0    0        0.624626765369506
  276    0    0        0.623593039397370
  277    0    0        0.622568662842262
  278    0    0        0.621553779527470
  279    0    0        0.620548533154424
  280    0    0        0.619553067309433
  281    0    0        0.618567525479314
  282    0    0        0.617592051077205
  283    0    0        0.616626787479603
  284    0    0        0.615671878075864
  285    0    0        0.614727466331735
  286    0    0        0.613793695868481
  287    0    0        0.612870710559417
  288    0    0        0.611958654646052
  289    0    0        0.611057672875993
  290    0    0        0.610167910665460
  291    0    0        0.609289514289190
  292    0    0        0.608422631101295
  293    0    0        0.607567409790763
  294    0    0        0.606724000676003
  295    0    0        0.605892556043308
  296    0    0        0.605073230534919
  297    0    0        0.604266181592985
  298    0    0        0.603471569966776
  299    0    0        0.602689560291405
  300    0    0        0.601920321747757
  301    0    0        0.601164028814451
  302    0    0        0.600420862124626
  303    0    0        0.599691009442090
  304    0    0        0.598974666773717
  305    0    0        0.598272039637824
  306    0    0        0.597583344511164
  307    0    0        0.596908810481235
  308    0    0        0.596248681134950
  309    0    0        0.595603216719978
  310    0    0        0.594972696621537
  311    0    0        0.594357422204818
  312    0    0        0.593757720082326
  313    0    0        0.593173945876043
  314    0    0        0.592606488557328
  315    0    0        0.592055775462620
  316    0    0        0.591522278101521
  317    0    0        0.591006518895674
  318    0    0        0.590509079012841
  319    0    0        0.590030607491729
  320    0    0        0.589571831889417
  321    0    0        0.589133570726154
  322    0    0        0.588716748051723
  323    0    0        0.588322410513872
  324    0    0        0.587951747371710
  325    0    0        0.587606113963281
  326    0    0        0.587287059202560
  327    0    0        0.586996357737842
  328    0    0        0.586736047436987
  329    0    0        0.586508472849852
  330    0    0        0.586316335195849
  331    0    0        0.586162749173185
  332    0    0        0.586051306394991
  333    0    0        0.585986144395172
  334    0    0        0.585972018737104
  335    0    0        0.586014373584487
  336    0    0        0.586119402931026
  337    0    0        0.586294090389025
  338    0    0        0.586546210118192
  339    0    0        0.586884265806392
  340    0    0        0.587317340225485
  341    0    0        0.587854827708865
  342    0    0        0.588506030023325
  343    0    0        0.589279616511529
  344    0    0        0.590182983055112
  345    0    0        0.591221585592150
  346    0    0        0.592398358238210
  347    0    0        0.593713334490004
  348    0    0        0.595163559671795
  349    0    0        0.596743318468054
  350    0    0        0.598444626883243
  351    0    0        0.600257883383588
  352    0    0        0.602172557716451
  353    0    0        0.604177816026124
  354    0    0        0.606263020759810
  355    0    0        0.608418084720367
  356    0    0        0.610633688631050
  357    0    0        0.612901387592568
  358    0    0        0.615213636380018
  359    0    0        0.617563761091728
  360    0    0        0.619945899148086
  361    0    0        0.622354923599058
  362    0    0        0.624786362426560
  363    0    0        0.627236319451746
  364    0    0        0.629701400557986
  365    0    0        0.632178647005871
  366    0    0        0.634665476402932
  367    0    0        0.637159631176312
  368    0    0        0.639659134013752
  369    0    0        0.642162249563635
  370    0    0        0.644667451635441
  371    0    0        0.647173395164212
  372    0    0        0.649678892259640
  373    0    0        0.652182891735378
  374    0    0        0.654684461589902
  375    0    0        0.657182773985349
  376    0    0        0.659677092336730
  377    0    0        0.662166760184906
  378    0    0        0.664651191576664
  379    0    0        0.667129862720956
  380    0    0        0.669602304726247
  381    0    0        0.672068097256602
  382    0    0        0.674526862969474
  383    0    0        0.676978262621042
  384    0    0        0.679421990742505
  385    0    0        0.681857771806912
  386    0    0        0.684285356818043
  387    0    0        0.686704520264406
  388    0    0        0.689115057389191
  389    0    0        0.691516781735792
  390    0    0        0.693909522933388
  391    0    0        0.696293124693395
  392    0    0        0.698667442991071
  393    0    0        0.701032344410916
  394    0    0        0.703387704637178
  395    0    0        0.705733407073408
  396    0    0        0.708069341577452
  397    0    0        0.710395403299930
  398    0    0        0.712711491615687
  399    0    0        0.715017509139404
  400    0    0        0.717313360817415
  401    0    0        0.719598953088734
  402    0    0        0.721874193109371
  403    0    0        0.724138988034458
  404    0    0        0.726393244353299
  405    0    0        0.728636867273398
  406    0    0        0.730869760149325
  407    0    0        0.733091823953257
  408    0    0        0.735302956783884
  409    0    0        0.737503053411163
  410    0    0        0.739692004854102
  411    0    0        0.741869697989469
  412    0    0        0.744036015189233
  413    0    0        0.746190833984805
  414    0    0        0.748334026756235
  415    0    0        0.750465460444876
  416    0    0        0.752584996287826
  417    0    0        0.754692489572838
  418    0    0        0.756787789412371
  419    0    0        0.758870738535561
  420    0    0        0.760941173097072
  421    0    0        0.762998922501721
  422    0    0        0.765043809243923
  423    0    0        0.767075648761264
  424    0    0        0.769094249301133
  425    0    0        0.771099411800001
  426    0    0        0.773090929774508
  427    0    0        0.775068589223914
  428    0    0        0.777032168543347
  429    0    0        0.778981438447563
  430    0    0        0.780916161904777
  431    0    0        0.782836094080360
  432    0    0        0.784740982290263
  433    0    0        0.786630565964017
  434    0    0        0.788504576617358
  435    0    0        0.790362737834515
  436    0    0        0.792204765260285
  437    0    0        0.794030366602193
  438    0    0        0.795839241643007
  439    0    0        0.797631082263998
  440    0    0        0.799405572479432
  441    0    0        0.801162388482861
  442    0    0        0.802901198705742
  443    0    0        0.804621663889187
  444    0    0        0.806323437169556
  445    0    0        0.808006164178664
  446    0    0        0.809669483159505
  447    0    0        0.811313025098431
  448    0    0        0.812936413874736
  449    0    0        0.814539266428467
  450    0    0        0.816121192947787
  451    0    0        0.817681797076602
  452    0    0        0.819220676143507
  453    0    0        0.820737421413282
  454    0    0        0.822231618361492
  455    0    0        0.823702846973547
  456    0    0        0.825150682068696
  457    0    0        0.826574693650055
  458    0    0        0.827974447281171
  459    0    0        0.829349504489831
  460    0    0        0.830699423199575
  461    0    0        0.832023758189305
  462    0    0        0.833322061581205
  463    0    0        0.834593883357058
  464    0    0        0.835838771902864
  465    0    0        0.837056274581443
  466    0    0        0.838245938332792
  467    0    0        0.839407310301232
  468    0    0        0.840539938488923
  469    0    0        0.841643372434345
  470    0    0        0.842717163914780
  471    0    0        0.843760867671398
  472    0    0        0.844774042155032
  473    0    0        0.845756250291231
  474    0    0        0.846707060262308
  475    0    0        0.847626046304298
  476    0    0        0.848512789516417
  477    0    0        0.849366878680565
  478    0    0        0.850187911087997
  479    0    0        0.850975493370422
  480    0    0        0.851729242332577
  481    0    0        0.852448785782913
  482    0    0        0.853133763359374
  483    0    0        0.853783827346641
  484    0    0        0.854398643481637
  485    0    0        0.854977891743471
  486    0    0        0.855521267124541
  487    0    0        0.856028480378711
  488    0    0        0.856499258743390
  489    0    0        0.856933346631419
  490    0    0        0.857330506289480
  491    0    0        0.857690518419318
  492    0    0        0.858013182758224
  493    0    0        0.858298318615778
  494    0    0        0.858545765363377
  495    0    0        0.858755382873783
  496    0    0        0.858927051907805
  497    0    0        0.859060674446062
  498    0    0        0.859156173963291
  499    0    0        0.859213495643557
  500    0    0        0.859232606535078
