 -500    0    0        0.184394565703369
 -499    0    0        0.184398290740330
 -498    0    0        0.184409465615179
 -497    0    0        0.184428089619714
 -496    0    0        0.184454161573211
 -495    0    0        0.184487679821863
 -494    0    0        0.184528642238010
 -493    0    0        0.184577046219148
 -492    0    0        0.184632888686754
 -491    0    0        0.184696166084952
 -490    0    0        0.184766874379012
 -489    0    0        0.184845009053745
 -488    0    0        0.184930565111774
 -487    0    0        0.185023537071789
 -486    0    0        0.185123918966745
 -485    0    0        0.185231704342117
 -484    0    0        0.185346886254214
 -483    0    0        0.185469457268671
 -482    0    0        0.185599409459106
 -481    0    0        0.185736734406114
 -480    0    0        0.185881423196602
 -479    0    0        0.186033466423631
 -478    0    0        0.186192854186843
 -477    0    0        0.186359576093604
 -476    0    0        0.186533621261034
 -475    0    0        0.186714978319081
 -474    0    0        0.186903635414797
 -473    0    0        0.187099580218112
 -472    0    0        0.187302799929278
 -471    0    0        0.187513281288312
 -470    0    0        0.187731010586762
 -469    0    0        0.187955973682162
 -468    0    0        0.188188156015626
 -467    0    0        0.188427542633089
 -466    0    0        0.188674118210735
 -465    0    0        0.188927867085353
 -464    0    0        0.189188773290368
 -463    0    0        0.189456820598450
 -462    0    0        0.189731992571825
 -461    0    0        0.190014272621501
 -460    0    0        0.190303644076913
 -459    0    0        0.190600090267728
 -458    0    0        0.190903594619915
 -457    0    0        0.191214140768488
 -456    0    0        0.191531712689931
 -455    0    0        0.191856294857789
 -454    0    0        0.192187872425690
 -453    0    0        0.192526431442940
 -452    0    0        0.192871959108857
 -451    0    0        0.193224444073503
 -450    0    0        0.193583876794068
 -449    0    0        0.193950249958338
 -448    0    0        0.194323558989420
 -447    0    0        0.194703802649377
 -446    0    0        0.195090983763766
 -445    0    0        0.195485110094901
 -444    0    0        0.195886195399092
 -443    0    0        0.196294260712734
 -442    0    0        0.196709335925082
 -441    0    0        0.197131461712475
 -440    0    0        0.197560691931658
 -439    0    0        0.197997096600679
 -438    0    0        0.198440765637902
 -437    0    0        0.198891813587604
 -436    0    0        0.199350385641193
 -435    0    0        0.199816665376162
 -434    0    0        0.200290884795628
 -433    0    0        0.200773337481742
 -432    0    0        0.201264396010666
 -431    0    0        0.201764535266915
 -430    0    0        0.202274364020176
 -429    0    0        0.202794668210243
 -428    0    0        0.203326471009402
 -427    0    0        0.203871117168510
 -426    0    0        0.204430392776022
 -425    0    0        0.205006696801831
 -424    0    0        0.205603287896335
 -423    0    0        0.206224638007586
 -422    0    0        0.206876928824301
 -421    0    0        0.207568712541067
 -420    0    0        0.208311684707676
 -419    0    0        0.209121302858862
 -418    0    0        0.210016547587631
 -417    0    0        0.211017644579314
 -416    0    0        0.212141002755455
 -415    0    0        0.213393126306149
 -414    0    0        0.214767912476230
 -413    0    0        0.216249743685247
 -412    0    0        0.217819516434266
 -411    0    0        0.219459378897928
 -410    0    0        0.221154771793975
 -409    0    0        0.222894605157513
 -408    0    0        0.224670677838830
 -407    0    0        0.226476969635249
 -406    0    0        0.228309038937958
 -405    0    0        0.230163569904364
 -404    0    0        0.232038049015391
 -403    0    0        0.233930538503118
 -402    0    0        0.235839518231720
 -401    0    0        0.237763774859060
 -400    0    0        0.239702323458287
 -399    0    0        0.241654351483685
 -398    0    0        0.243619178229987
 -397    0    0        0.245596225139418
 -396    0    0        0.247584993786604
 -395    0    0        0.249585049359223
 -394    0    0        0.251596008116794
 -393    0    0        0.253617527760692
 -392    0    0        0.255649299957039
 -391    0    0        0.257691044467386
 -390    0    0        0.259742504491480
 -389    0    0        0.261803442931536
 -388    0    0        0.263873639362834
 -387    0    0        0.265952887549634
 -386    0    0        0.268040993384853
 -385    0    0        0.270137773161031
 -384    0    0        0.272243052101556
 -383    0    0        0.274356663097423
 -382    0    0        0.276478445606638
 -381    0    0        0.278608244682918
 -380    0    0        0.280745910107309
 -379    0    0        0.282891295601707
 -378    0    0        0.285044258107677
 -377    0    0        0.287204657117225
 -376    0    0        0.289372354044701
 -375    0    0        0.291547211631272
 -374    0    0        0.293729093374749
 -373    0    0        0.295917862979261
 -372    0    0        0.298113383819817
 -371    0    0        0.300315518418107
 -370    0    0        0.302524127926145
 -369    0    0        0.304739071615189
 -368    0    0        0.306960206367480
 -367    0    0        0.309187386168911
 -366    0    0        0.311420461600705
 -365    0    0        0.313659279328425
 -364    0    0        0.315903681586693
 -363    0    0        0.318153505657897
 -362    0    0        0.320408583343108
 -361    0    0        0.322668740423286
 -360    0    0        0.324933796108565
 -359    0    0        0.327203562473046
 -358    0    0        0.329477843872243
 -357    0    0        0.331756436339641
 -356    0    0        0.334039126958305
 -355    0    0        0.336325693202615
 -354    0    0        0.338615902244478
 -353    0    0        0.340909510216974
 -352    0    0        0.343206261427383
 -351    0    0        0.345505887509860
 -350    0    0        0.347808106506112
 -349    0    0        0.350112621860468
 -348    0    0        0.352419121312858
 -347    0    0        0.354727275670378
 -346    0    0        0.357036737434007
 -345    0    0        0.359347139253034
 -344    0    0        0.361658092173846
 -343    0    0        0.363969183643517
 -342    0    0        0.366279975220383
 -341    0    0        0.368589999934313
 -340    0    0        0.370898759227060
 -339    0    0        0.373205719388804
 -338    0    0        0.375510307388358
 -337    0    0        0.377811905972227
 -336    0    0        0.380109847879364
 -335    0    0        0.382403408983108
 -334    0    0        0.384691800127524
 -333    0    0        0.386974157368959
 -332    0    0        0.389249530262611
 -331    0    0        0.391516867743074
 -330    0    0        0.393775001031767
 -329    0    0        0.396022622855852
 -328    0    0        0.398258262072084
 -327    0    0        0.400480252543681
 -326    0    0        0.402686694802674
 -325    0    0        0.404875408625453
 -324    0    0        0.407043874132795
 -323    0    0        0.409189158374098
 -322    0    0        0.411307823547353
 -321    0    0        0.413395812035227
 -320    0    0        0.415448302332863
 -319    0    0        0.417459528816949
 -318    0    0        0.419422557440104
 -317    0    0        0.421329009437935
 -316    0    0        0.423168727216603
 -315    0    0        0.424929382973577
 -314    0    0        0.426596045092183
 -313    0    0        0.428150745718444
 -312    0    0        0.429572142289998
 -311    0    0        0.430835440698862
 -310    0    0        0.431912839417330
 -309    0    0        0.432774820172919
 -308    0    0        0.433392557577165
 -307    0    0        0.433741424606257
 -306    0    0        0.433805002893275
 -305    0    0        0.433578412044622
 -304    0    0        0.433069658180495
 -303    0    0        0.432298390579267
 -302    0    0        0.431292586871706
 -301    0    0        0.430084451993915
 -300    0    0        0.428706773102888
 -299    0    0        0.427190388578977
 -298    0    0        0.425562828775498
 -297    0    0        0.423847856113975
 -296    0    0        0.422065562123981
 -295    0    0        0.420232743792463
 -294    0    0        0.418363378371715
 -293    0    0        0.416469096507624
 -292    0    0        0.414559607121925
 -291    0    0        0.412643058308271
 -290    0    0        0.410726334176711
 -289    0    0        0.408815294414545
 -288    0    0        0.406914965477648
 -287    0    0        0.405029692235472
 -286    0    0        0.403163257878037
 -285    0    0        0.401318978619392
 -284    0    0        0.399499778497682
 -283    0    0        0.397708248497809
 -282    0    0        0.395946693331647
 -281    0    0        0.394217168498743
 -280    0    0        0.392521509686635
 -279    0    0        0.390861356130421
 -278    0    0        0.389238169208692
 -277    0    0        0.387653247287457
 -276    0    0        0.386107737616321
 -275    0    0        0.384602645920165
 -274    0    0        0.383138844202028
 -273    0    0        0.381717077172846
 -272    0    0        0.380337967643871
 -271    0    0        0.379002021153324
 -270    0    0        0.377709630045050
 -269    0    0        0.376461077176968
 -268    0    0        0.375256539397580
 -267    0    0        0.374096090902751
 -266    0    0        0.372979706557379
 -265    0    0        0.371907265245579
 -264    0    0        0.370878553296724
 -263    0    0        0.369893268017118
 -262    0    0        0.368951021346618
 -261    0    0        0.368051343645828
 -260    0    0        0.367193687614730
 -259    0    0        0.366377432332992
 -258    0    0        0.365601887408492
 -257    0    0        0.364866297216908
 -256    0    0        0.364169845211210
 -255    0    0        0.363511658279027
 -254    0    0        0.362890811125220
 -253    0    0        0.362306330656519
 -252    0    0        0.361757200346575
 -251    0    0        0.361242364559960
 -250    0    0        0.360760732817267
 -249    0    0        0.360311183983066
 -248    0    0        0.359892570362777
 -247    0    0        0.359503721695709
 -246    0    0        0.359143449033710
 -245    0    0        0.358810548497723
 -244    0    0        0.358503804906532
 -243    0    0        0.358221995273257
 -242    0    0        0.357963892167823
 -241    0    0        0.357728266944580
 -240    0    0        0.357513892836179
 -239    0    0        0.357319547913966
 -238    0    0        0.357144017920625
 -237    0    0        0.356986098974153
 -236    0    0        0.356844600151205
 -235    0    0        0.356718345950087
 -234    0    0        0.356606178640300
 -233    0    0        0.356506960500730
 -232    0    0        0.356419575951225
 -231    0    0        0.356342933580923
 -230    0    0        0.356275968076070
 -229    0    0        0.356217642050446
 -228    0    0        0.356166947780432
 -227    0    0        0.356122908845837
 -226    0    0        0.356084581678335
 -225    0    0        0.356051057017271
 -224    0    0        0.356021461273154
 -223    0    0        0.355994957798195
 -222    0    0        0.355970748062835
 -221    0    0        0.355948072736436
 -220    0    0        0.355926212670622
 -219    0    0        0.355904489782745
 -218    0    0        0.355882267836864
 -217    0    0        0.355858953119727
 -216    0    0        0.355833995008681
 -215    0    0        0.355806886427951
 -214    0    0        0.355777164191675
 -213    0    0        0.355744409229296
 -212    0    0        0.355708246691136
 -211    0    0        0.355668345932132
 -210    0    0        0.355624420370216
 -209    0    0        0.355576227218705
 -208    0    0        0.355523567091029
 -207    0    0        0.355466283475245
 -206    0    0        0.355404262081128
 -205    0    0        0.355337430056860
 -204    0    0        0.355265755078145
 -203    0    0        0.355189244310637
 -202    0    0        0.355107943248584
 -201    0    0        0.355021934431970
 -200    0    0        0.354931336046829
 -199    0    0        0.354836300413046
 -198    0    0        0.354737012365250
 -197    0    0        0.354633687533079
 -196    0    0        0.354526570527521
 -195    0    0        0.354415933041822
 -194    0    0        0.354302071874325
 -193    0    0        0.354185306883392
 -192    0    0        0.354065978883499
 -191    0    0        0.353944447492174
 -190    0    0        0.353821088939925
 -189    0    0        0.353696293852203
 -188    0    0        0.353570465016296
 -187    0    0        0.353444015143425
 -186    0    0        0.353317364638473
 -185    0    0        0.353190939388273
 -184    0    0        0.353065168580351
 -183    0    0        0.352940482562784
 -182    0    0        0.352817310757618
 -181    0    0        0.352696079636660
 -180    0    0        0.352577210771072
 -179    0    0        0.352461118964384
 -178    0    0        0.352348210477675
 -177    0    0        0.352238881355408
 -176    0    0        0.352133515859865
 -175    0    0        0.352032485020916
 -174    0    0        0.351936145307188
 -173    0    0        0.351844837423700
 -172    0    0        0.351758885240768
 -171    0    0        0.351678594856776
 -170    0    0        0.351604253797649
 -169    0    0        0.351536130354750
 -168    0    0        0.351474473061332
 -167    0    0        0.351419510306730
 -166    0    0        0.351371450088163
 -165    0    0        0.351330479896741
 -164    0    0        0.351296766734901
 -163    0    0        0.351270457262299
 -162    0    0        0.351251678063456
 -161    0    0        0.351240536034206
 -160    0    0        0.351237118878661
 -159    0    0        0.351241495711653
 -158    0    0        0.351253717758419
 -157    0    0        0.351273819144397
 -156    0    0        0.351301817766230
 -155    0    0        0.351337716236526
 -154    0    0        0.351381502892687
 -153    0    0        0.351433152861322
 -152    0    0        0.351492629168843
 -151    0    0        0.351559883888828
 -150    0    0        0.351634859317968
 -149    0    0        0.351717489169518
 -148    0    0        0.351807699776949
 -147    0    0        0.351905411297921
 -146    0    0        0.352010538910096
 -145    0    0        0.352122993990359
 -144    0    0        0.352242685269427
 -143    0    0        0.352369519953994
 -142    0    0        0.352503404809006
 -141    0    0        0.352644247193689
 -140    0    0        0.352791956044219
 -139    0    0        0.352946442797932
 -138    0    0        0.353107622252801
 -137    0    0        0.353275413358827
 -136    0    0        0.353449739935399
 -135    0    0        0.353630531312774
 -134    0    0        0.353817722892915
 -133    0    0        0.354011256629431
 -132    0    0        0.354211081422353
 -131    0    0        0.354417153428646
 -130    0    0        0.354629436286732
 -129    0    0        0.354847901255664
 -128    0    0        0.355072527268528
 -127    0    0        0.355303300902495
 -126    0    0        0.355540216266073
 -125    0    0        0.355783274806599
 -124    0    0        0.356032485039882
 -123    0    0        0.356287862205527
 -122    0    0        0.356549427851836
 -121    0    0        0.356817209353133
 -120    0    0        0.357091239365278
 -119    0    0        0.357371555223060
 -118    0    0        0.357658198284643
 -117    0    0        0.357951213228834
 -116    0    0        0.358250647309550
 -115    0    0        0.358556549574736
 -114    0    0        0.358868970053776
 -113    0    0        0.359187958920836
 -112    0    0        0.359513565639299
 -111    0    0        0.359845838093398
 -110    0    0        0.360184821713692
 -109    0    0        0.360530558601635
 -108    0    0        0.360883086659323
 -107    0    0        0.361242438730876
 -106    0    0        0.361608641760131
 -105    0    0        0.361981715970926
 -104    0    0        0.362361674074692
 -103    0    0        0.362748520510713
 -102    0    0        0.363142250723620
 -101    0    0        0.363542850482522
 -100    0    0        0.363950295246001
  -99    0    0        0.364364549576750
  -98    0    0        0.364785566608880
  -97    0    0        0.365213287571546
  -96    0    0        0.365647641370759
  -95    0    0        0.366088544232171
  -94    0    0        0.366535899406333
  -93    0    0        0.366989596937714
  -92    0    0        0.367449513498515
  -91    0    0        0.367915512287898
  -90    0    0        0.368387442996371
  -89    0    0        0.368865141835223
  -88    0    0        0.369348431630196
  -87    0    0        0.369837121978234
  -86    0    0        0.370331009465915
  -85    0    0        0.370829877947263
  -84    0    0        0.371333498879327
  -83    0    0        0.371841631712325
  -82    0    0        0.372354024332132
  -81    0    0        0.372870413551340
  -80    0    0        0.373390525646107
  -79    0    0        0.373914076934798
  -78    0    0        0.374440774394983
  -77    0    0        0.374970316314396
  -76    0    0        0.375502392972429
  -75    0    0        0.376036687347420
  -74    0    0        0.376572875846102
  -73    0    0        0.377110629050346
  -72    0    0        0.377649612477450
  -71    0    0        0.378189487349700
  -70    0    0        0.378729911368822
  -69    0    0        0.379270539491424
  -68    0    0        0.379811024701514
  -67    0    0        0.380351018776165
  -66    0    0        0.380890173040631
  -65    0    0        0.381428139109728
  -64    0    0        0.381964569611636
  -63    0    0        0.382499118891622
  -62    0    0        0.383031443692471
  -61    0    0        0.383561203809075
  -60    0    0        0.384088062714941
  -59    0    0        0.384611688158265
  -58    0    0        0.385131752725878
  -57    0    0        0.385647934373483
  -56    0    0        0.386159916920681
  -55    0    0        0.386667390509839
  -54    0    0        0.387170052027921
  -53    0    0        0.387667605490615
  -52    0    0        0.388159762388663
  -51    0    0        0.388646241995925
  -50    0    0        0.389126771639650
  -49    0    0        0.389601086932894
  -48    0    0        0.390068931970145
  -47    0    0        0.390530059486161
  -46    0    0        0.390984230979561
  -45    0    0        0.391431216801727
  -44    0    0        0.391870796212530
  -43    0    0        0.392302757403904
  -42    0    0        0.392726897492885
  -41    0    0        0.393143022485487
  -40    0    0        0.393550947213135
  -39    0    0        0.393950495243183
  -38    0    0        0.394341498765301
  -37    0    0        0.394723798455482
  -36    0    0        0.395097243319454
  -35    0    0        0.395461690517187
  -34    0    0        0.395817005170468
  -33    0    0        0.396163060155167
  -32    0    0        0.396499735880074
  -31    0    0        0.396826920053986
  -30    0    0        0.397144507442835
  -29    0    0        0.397452399618361
  -28    0    0        0.397750504700225
  -27    0    0        0.398038737092917
  -26    0    0        0.398317017218932
  -25    0    0        0.398585271249970
  -24    0    0        0.398843430837232
  -23    0    0        0.399091432842242
  -22    0    0        0.399329219069578
  -21    0    0        0.399556736002534
  -20    0    0        0.399773934542859
  -19    0    0        0.399980769755762
  -18    0    0        0.400177200620978
  -17    0    0        0.400363189790936
  -16    0    0        0.400538703356894
  -15    0    0        0.400703710623707
  -14    0    0        0.400858183894063
  -13    0    0        0.401002098262840
  -12    0    0        0.401135431422139
  -11    0    0        0.401258163477629
  -10    0    0        0.401370276776623
   -9    0    0        0.401471755748359
   -8    0    0        0.401562586757008
   -7    0    0        0.401642757967511
   -6    0    0        0.401712259224859
   -5    0    0        0.401771081946910
   -4    0    0        0.401819219030997
   -3    0    0        0.401856664774641
   -2    0    0        0.401883414810347
   -1    0    0        0.401899466054874
    0    0    0        0.401904816672844
    1    0    0        0.401899466054874
    2    0    0        0.401883414810347
    3    0    0        0.401856664774641
    4    0    0        0.401819219030997
    5    0    0        0.401771081946910
    6    0    0        0.401712259224859
    7    0    0        0.401642757967511
    8    0    0        0.401562586757008
    9    0    0        0.401471755748359
   10    0    0        0.401370276776623
   11    0    0        0.401258163477629
   12    0    0        0.401135431422139
   13    0    0        0.401002098262840
   14    0    0        0.400858183894063
   15    0    0        0.400703710623707
   16    0    0        0.400538703356894
   17    0    0        0.400363189790936
   18    0    0        0.400177200620978
   19    0    0        0.399980769755762
   20    0    0        0.399773934542859
   21    0    0        0.399556736002534
   22    0    0        0.399329219069578
   23    0    0        0.399091432842242
   24    0    0        0.398843430837232
   25    0    0        0.398585271249970
   26    0    0        0.398317017218932
   27    0    0        0.398038737092917
   28    0    0        0.397750504700225
   29    0    0        0.397452399618361
   30    0    0        0.397144507442835
   31    0    0        0.396826920053986
   32    0    0        0.396499735880074
   33    0    0        0.396163060155167
   34    0    0        0.395817005170468
   35    0    0        0.395461690517187
   36    0    0        0.395097243319454
   37    0    0        0.394723798455482
   38    0    0        0.394341498765301
   39    0    0        0.393950495243183
   40    0    0        0.393550947213135
   41    0    0        0.393143022485487
   42    0    0        0.392726897492885
   43    0    0        0.392302757403904
   44    0    0        0.391870796212530
   45    0    0        0.391431216801727
   46    0    0        0.390984230979561
   47    0    0        0.390530059486161
   48    0    0        0.390068931970145
   49    0    0        0.389601086932894
   50    0    0        0.389126771639650
   51    0    0        0.388646241995925
   52    0    0        0.388159762388663
   53    0    0        0.387667605490615
   54    0    0        0.387170052027921
   55    0    0        0.386667390509839
   56    0    0        0.386159916920681
   57    0    0        0.385647934373483
   58    0    0        0.385131752725878
   59    0    0        0.384611688158265
   60    0    0        0.384088062714941
   61    0    0        0.383561203809075
   62    0    0        0.383031443692471
   63    0    0        0.382499118891622
   64    0    0        0.381964569611636
   65    0    0        0.381428139109728
   66    0    0        0.380890173040631
   67    0    0        0.380351018776165
   68    0    0        0.379811024701514
   69    0    0        0.379270539491424
   70    0    0        0.378729911368822
   71    0    0        0.378189487349700
   72    0    0        0.377649612477450
   73    0    0        0.377110629050346
   74    0    0        0.376572875846102
   75    0    0        0.376036687347420
   76    0    0        0.375502392972429
   77    0    0        0.374970316314396
   78    0    0        0.374440774394983
   79    0    0        0.373914076934798
   80    0    0        0.373390525646107
   81    0    0        0.372870413551340
   82    0    0        0.372354024332132
   83    0    0        0.371841631712325
   84    0    0        0.371333498879327
   85    0    0        0.370829877947263
   86    0    0        0.370331009465915
   87    0    0        0.369837121978234
   88    0    0        0.369348431630196
   89    0    0        0.368865141835223
   90    0    0        0.368387442996371
   91    0    0        0.367915512287898
   92    0    0        0.367449513498515
   93    0    0        0.366989596937714
   94    0    0        0.366535899406333
   95    0    0        0.366088544232171
   96    0    0        0.365647641370759
   97    0    0        0.365213287571546
   98    0    0        0.364785566608880
   99    0    0        0.364364549576750
  100    0    0        0.363950295246001
  101    0    0        0.363542850482522
  102    0    0        0.363142250723620
  103    0    0        0.362748520510713
  104    0    0        0.362361674074692
  105    0    0        0.361981715970926
  106    0    0        0.361608641760131
  107    0    0        0.361242438730876
  108    0    0        0.360883086659323
  109    0    0        0.360530558601635
  110    0    0        0.360184821713692
  111    0    0        0.359845838093398
  112    0    0        0.359513565639299
  113    0    0        0.359187958920836
  114    0    0        0.358868970053776
  115    0    0        0.358556549574736
  116    0    0        0.358250647309550
  117    0    0        0.357951213228834
  118    0    0        0.357658198284643
  119    0    0        0.357371555223060
  120    0    0        0.357091239365278
  121    0    0        0.356817209353133
  122    0    0        0.356549427851836
  123    0    0        0.356287862205527
  124    0    0        0.356032485039882
  125    0    0        0.355783274806599
  126    0    0        0.355540216266073
  127    0    0        0.355303300902495
  128    0    0        0.355072527268528
  129    0    0        0.354847901255664
  130    0    0        0.354629436286732
  131    0    0        0.354417153428646
  132    0    0        0.354211081422353
  133    0    0        0.354011256629431
  134    0    0        0.353817722892915
  135    0    0        0.353630531312774
  136    0    0        0.353449739935399
  137    0    0        0.353275413358827
  138    0    0        0.353107622252801
  139    0    0        0.352946442797932
  140    0    0        0.352791956044219
  141    0    0        0.352644247193689
  142    0    0        0.352503404809006
  143    0    0        0.352369519953994
  144    0    0        0.352242685269427
  145    0    0        0.352122993990359
  146    0    0        0.352010538910096
  147    0    0        0.351905411297921
  148    0    0        0.351807699776949
  149    0    0        0.351717489169518
  150    0    0        0.351634859317968
  151    0    0        0.351559883888828
  152    0    0        0.351492629168843
  153    0    0        0.351433152861322
  154    0    0        0.351381502892687
  155    0    0        0.351337716236526
  156    0    0        0.351301817766230
  157    0    0        0.351273819144397
  158    0    0        0.351253717758419
  159    0    0        0.351241495711653
  160    0    0        0.351237118878661
  161    0    0        0.351240536034206
  162    0    0        0.351251678063456
  163    0    0        0.351270457262299
  164    0    0        0.351296766734901
  165    0    0        0.351330479896741
  166    0    0        0.351371450088163
  167    0    0        0.351419510306730
  168    0    0        0.351474473061332
  169    0    0        0.351536130354750
  170    0    0        0.351604253797649
  171    0    0        0.351678594856776
  172    0    0        0.351758885240768
  173    0    0        0.351844837423700
  174    0    0        0.351936145307188
  175    0    0        0.352032485020916
  176    0    0        0.352133515859865
  177    0    0        0.352238881355408
  178    0    0        0.352348210477675
  179    0    0        0.352461118964384
  180    0    0        0.352577210771072
  181    0    0        0.352696079636660
  182    0    0        0.352817310757618
  183    0    0        0.352940482562784
  184    0    0        0.353065168580351
  185    0    0        0.353190939388273
  186    0    0        0.353317364638473
  187    0    0        0.353444015143425
  188    0    0        0.353570465016296
  189    0    0        0.353696293852203
  190    0    0        0.353821088939925
  191    0    0        0.353944447492174
  192    0    0        0.354065978883499
  193    0    0        0.354185306883392
  194    0    0        0.354302071874325
  195    0    0        0.354415933041822
  196    0    0        0.354526570527521
  197    0    0        0.354633687533079
  198    0    0        0.354737012365250
  199    0    0        0.354836300413046
  200    0    0        0.354931336046829
  201    0    0        0.355021934431970
  202    0    0        0.355107943248584
  203    0    0        0.355189244310637
  204    0    0        0.355265755078145
  205    0    0        0.355337430056860
  206    0    0        0.355404262081128
  207    0    0        0.355466283475245
  208    0    0        0.355523567091029
  209    0    0        0.355576227218705
  210    0    0        0.355624420370216
  211    0    0        0.355668345932132
  212    0    0        0.355708246691136
  213    0    0        0.355744409229296
  214    0    0        0.355777164191675
  215    0    0        0.355806886427951
  216    0    0        0.355833995008681
  217    0    0        0.355858953119727
  218    0    0        0.355882267836864
  219    0    0        0.355904489782745
  220    0    0        0.355926212670622
  221    0    0        0.355948072736436
  222    0    0        0.355970748062835
  223    0    0        0.355994957798195
  224    0    0        0.356021461273154
  225    0    0        0.356051057017271
  226    0    0        0.356084581678335
  227    0    0        0.356122908845837
  228    0    0        0.356166947780432
  229    0    0        0.356217642050446
  230    0    0        0.356275968076070
  231    0    0        0.356342933580923
  232    0    0        0.356419575951225
  233    0    0        0.356506960500730
  234    0    0        0.356606178640300
  235    0    0        0.356718345950087
  236    0    0        0.356844600151205
  237    0    0        0.356986098974153
  238    0    0        0.357144017920625
  239    0    0        0.357319547913966
  240    0    0        0.357513892836179
  241    0    0        0.357728266944580
  242    0    0        0.357963892167823
  243    0    0        0.358221995273257
  244    0    0        0.358503804906532
  245    0    0        0.358810548497723
  246    0    0        0.359143449033710
  247    0    0        0.359503721695709
  248    0    0        0.359892570362777
  249    0    0        0.360311183983066
  250    0    0        0.360760732817267
  251    0    0        0.361242364559960
  252    0    0        0.361757200346575
  253    0    0        0.362306330656519
  254    0    0        0.362890811125220
  255    0    0        0.363511658279027
  256    0    0        0.364169845211210
  257    0    0        0.364866297216908
  258    0    0        0.365601887408492
  259    0    0        0.366377432332992
  260    0    0        0.367193687614730
  261    0    0        0.368051343645828
  262    0    0        0.368951021346618
  263    0    0        0.369893268017118
  264    0    0        0.370878553296724
  265    0    0        0.371907265245579
  266    0    0        0.372979706557379
  267    0    0        0.374096090902751
  268    0    0        0.375256539397580
  269    0    0        0.376461077176968
  270    0    0        0.377709630045050
  271    0    0        0.379002021153324
  272    0    0        0.380337967643871
  273    0    0        0.381717077172846
  274    0    0        0.383138844202028
  275    0    0        0.384602645920165
  276    0    0        0.386107737616321
  277    0    0        0.387653247287457
  278    0    0        0.389238169208692
  279    0    0        0.390861356130421
  280    0    0        0.392521509686635
  281    0    0        0.394217168498743
  282    0    0        0.395946693331647
  283    0    0        0.397708248497809
  284    0    0        0.399499778497682
  285    0    0        0.401318978619392
  286    0    0        0.403163257878037
  287    0    0        0.405029692235472
  288    0    0        0.406914965477648
  289    0    0        0.408815294414545
  290    0    0        0.410726334176711
  291    0    0        0.412643058308271
  292    0    0        0.414559607121925
  293    0    0        0.416469096507624
  294    0    0        0.418363378371715
  295    0    0        0.420232743792463
  296    0    0        0.422065562123981
  297    0    0        0.423847856113975
  298    0    0        0.425562828775498
  299    0    0        0.427190388578977
  300    0    0        0.428706773102888
  301    0    0        0.430084451993915
  302    0    0        0.431292586871706
  303    0    0        0.432298390579267
  304    0    0        0.433069658180495
  305    0    0        0.433578412044622
  306    0    0        0.433805002893275
  307    0    0        0.433741424606257
  308    0    0        0.433392557577165
  309    0    0        0.432774820172919
  310    0    0        0.431912839417330
  311    0    0        0.430835440698862
  312    0    0        0.429572142289998
  313    0    0        0.428150745718444
  314    0    0        0.426596045092183
  315    0    0        0.424929382973577
  316    0    0        0.423168727216603
  317    0    0        0.421329009437935
  318    0    0        0.419422557440104
  319    0    0        0.417459528816949
  320    0    0        0.415448302332863
  321    0    0        0.413395812035227
  322    0    0        0.411307823547353
  323    0    0        0.409189158374098
  324    0    0        0.407043874132795
  325    0    0        0.404875408625453
  326    0    0        0.402686694802674
  327    0    0        0.400480252543681
  328    0    0        0.398258262072084
  329    0    0        0.396022622855852
  330    0    0        0.393775001031767
  331    0    0        0.391516867743074
  332    0    0        0.389249530262611
  333    0    0        0.386974157368959
  334    0    0        0.384691800127524
  335    0    0        0.382403408983108
  336    0    0        0.380109847879364
  337    0    0        0.377811905972227
  338    0    0        0.375510307388358
  339    0    0        0.373205719388804
  340    0    0        0.370898759227060
  341    0    0        0.368589999934313
  342    0    0        0.366279975220383
  343    0    0        0.363969183643517
  344    0    0        0.361658092173846
  345    0    0        0.359347139253034
  346    0    0        0.357036737434007
  347    0    0        0.354727275670378
  348    0    0        0.352419121312858
  349    0    0        0.350112621860468
  350    0    0        0.347808106506112
  351    0    0        0.345505887509860
  352    0    0        0.343206261427383
  353    0    0        0.340909510216974
  354    0    0        0.338615902244478
  355    0    0        0.336325693202615
  356    0    0        0.334039126958305
  357    0    0        0.331756436339641
  358    0    0        0.329477843872243
  359    0    0        0.327203562473046
  360    0    0        0.324933796108565
  361    0    0        0.322668740423286
  362    0    0        0.320408583343108
  363    0    0        0.318153505657897
  364    0    0        0.315903681586693
  365    0    0        0.313659279328425
  366    0    0        0.311420461600705
  367    0    0        0.309187386168911
  368    0    0        0.306960206367480
  369    0    0        0.304739071615189
  370    0    0        0.302524127926145
  371    0    0        0.300315518418107
  372    0    0        0.298113383819817
  373    0    0        0.295917862979261
  374    0    0        0.293729093374749
  375    0    0        0.291547211631272
  376    0    0        0.289372354044701
  377    0    0        0.287204657117225
  378    0    0        0.285044258107677
  379    0    0        0.282891295601707
  380    0    0        0.280745910107309
  381    0    0        0.278608244682918
  382    0    0        0.276478445606638
  383    0    0        0.274356663097423
  384    0    0        0.272243052101556
  385    0    0        0.270137773161031
  386    0    0        0.268040993384853
  387    0    0        0.265952887549634
  388    0    0        0.263873639362834
  389    0    0        0.261803442931536
  390    0    0        0.259742504491480
  391    0    0        0.257691044467386
  392    0    0        0.255649299957039
  393    0    0        0.253617527760692
  394    0    0        0.251596008116794
  395    0    0        0.249585049359223
  396    0    0        0.247584993786604
  397    0    0        0.245596225139418
  398    0    0        0.243619178229987
  399    0    0        0.241654351483685
  400    0    0        0.239702323458287
  401    0    0        0.237763774859060
  402    0    0        0.235839518231720
  403    0    0        0.233930538503118
  404    0    0        0.232038049015391
  405    0    0        0.230163569904364
  406    0    0        0.228309038937958
  407    0    0        0.226476969635249
  408    0    0        0.224670677838830
  409    0    0        0.222894605157513
  410    0    0        0.221154771793975
  411    0    0        0.219459378897928
  412    0    0        0.217819516434266
  413    0    0        0.216249743685247
  414    0    0        0.214767912476230
  415    0    0        0.213393126306149
  416    0    0        0.212141002755455
  417    0    0        0.211017644579314
  418    0    0        0.210016547587631
  419    0    0        0.209121302858862
  420    0    0        0.208311684707676
  421    0    0        0.207568712541067
  422    0    0        0.206876928824301
  423    0    0        0.206224638007586
  424    0    0        0.205603287896335
  425    0    0        0.205006696801831
  426    0    0        0.204430392776022
  427    0    0        0.203871117168510
  428    0    0        0.203326471009402
  429    0    0        0.202794668210243
  430    0    0        0.202274364020176
  431    0    0        0.201764535266915
  432    0    0        0.201264396010666
  433    0    0        0.200773337481742
  434    0    0        0.200290884795628
  435    0    0        0.199816665376162
  436    0    0        0.199350385641193
  437    0    0        0.198891813587604
  438    0    0        0.198440765637902
  439    0    0        0.197997096600679
  440    0    0        0.197560691931658
  441    0    0        0.197131461712475
  442    0    0        0.196709335925082
  443    0    0        0.196294260712734
  444    0    0        0.195886195399092
  445    0    0        0.195485110094901
  446    0    0        0.195090983763766
  447    0    0        0.194703802649377
  448    0    0        0.194323558989420
  449    0    0        0.193950249958338
  450    0    0        0.193583876794068
  451    0    0        0.193224444073503
  452    0    0        0.192871959108857
  453    0    0        0.192526431442940
  454    0    0        0.192187872425690
  455    0    0        0.191856294857789
  456    0    0        0.191531712689931
  457    0    0        0.191214140768488
  458    0    0        0.190903594619915
  459    0    0        0.190600090267728
  460    0    0        0.190303644076913
  461    0    0        0.190014272621501
  462    0    0        0.189731992571825
  463    0    0        0.189456820598450
  464    0    0        0.189188773290368
  465    0    0        0.188927867085353
  466    0    0        0.188674118210735
  467    0    0        0.188427542633089
  468    0    0        0.188188156015626
  469    0    0        0.187955973682162
  470    0    0        0.187731010586762
  471    0    0        0.187513281288312
  472    0    0        0.187302799929278
  473    0    0        0.187099580218112
  474    0    0        0.186903635414797
  475    0    0        0.186714978319081
  476    0    0        0.186533621261034
  477    0    0        0.186359576093604
  478    0    0        0.186192854186843
  479    0    0        0.186033466423631
  480    0    0        0.185881423196602
  481    0    0        0.185736734406114
  482    0    0        0.185599409459106
  483    0    0        0.185469457268671
  484    0    0        0.185346886254214
  485    0    0        0.185231704342117
  486    0    0        0.185123918966745
  487    0    0        0.185023537071789
  488    0    0        0.184930565111774
  489    0    0        0.184845009053745
  490    0    0        0.184766874379012
  491    0    0        0.184696166084952
  492    0    0        0.184632888686754
  493    0    0        0.184577046219148
  494    0    0        0.184528642238010
  495    0    0        0.184487679821863
  496    0    0        0.184454161573211
  497    0    0        0.184428089619714
  498    0    0        0.184409465615179
  499    0    0        0.184398290740330
  500    0    0        0.184394565703369
