 -500    0    0        1.922993200860968
 -499    0    0        1.922980427463929
 -498    0    0        1.922942109730443
 -497    0    0        1.922878255014214
 -496    0    0        1.922788875500957
 -495    0    0        1.922673988107149
 -494    0    0        1.922533614333812
 -493    0    0        1.922367780082359
 -492    0    0        1.922176515428006
 -491    0    0        1.921959854352973
 -490    0    0        1.921717834440680
 -489    0    0        1.921450496528951
 -488    0    0        1.921157884325337
 -487    0    0        1.920840043983419
 -486    0    0        1.920497023641687
 -485    0    0        1.920128872923843
 -484    0    0        1.919735642405456
 -483    0    0        1.919317383041637
 -482    0    0        1.918874145564359
 -481    0    0        1.918405979841754
 -480    0    0        1.917912934209319
 -479    0    0        1.917395054766005
 -478    0    0        1.916852384645386
 -477    0    0        1.916284963251846
 -476    0    0        1.915692825477346
 -475    0    0        1.915076000885654
 -474    0    0        1.914434512879772
 -473    0    0        1.913768377842427
 -472    0    0        1.913077604260112
 -471    0    0        1.912362191827230
 -470    0    0        1.911622130536927
 -469    0    0        1.910857399757406
 -468    0    0        1.910067967295390
 -467    0    0        1.909253788458697
 -466    0    0        1.908414805103134
 -465    0    0        1.907550944683337
 -464    0    0        1.906662119304513
 -463    0    0        1.905748224769744
 -462    0    0        1.904809139642979
 -461    0    0        1.903844724312629
 -460    0    0        1.902854820075754
 -459    0    0        1.901839248230869
 -458    0    0        1.900797809196626
 -457    0    0        1.899730281648821
 -456    0    0        1.898636421687969
 -455    0    0        1.897515962033294
 -454    0    0        1.896368611256209
 -453    0    0        1.895194053045886
 -452    0    0        1.893991945525182
 -451    0    0        1.892761920603367
 -450    0    0        1.891503583384803
 -449    0    0        1.890216511632403
 -448    0    0        1.888900255284292
 -447    0    0        1.887554336038433
 -446    0    0        1.886178246999399
 -445    0    0        1.884771452395314
 -444    0    0        1.883333387373711
 -443    0    0        1.881863457869009
 -442    0    0        1.880361040555370
 -441    0    0        1.878825482884687
 -440    0    0        1.877256103212893
 -439    0    0        1.875652191019511
 -438    0    0        1.874013007221469
 -437    0    0        1.872337784588591
 -436    0    0        1.870625728258582
 -435    0    0        1.868876016355988
 -434    0    0        1.867087800722737
 -433    0    0        1.865260207751252
 -432    0    0        1.863392339336436
 -431    0    0        1.861483273933364
 -430    0    0        1.859532067735770
 -429    0    0        1.857537755965006
 -428    0    0        1.855499354277117
 -427    0    0        1.853415860286979
 -426    0    0        1.851286255207026
 -425    0    0        1.849109505602922
 -424    0    0        1.846884565261261
 -423    0    0        1.844610377173464
 -422    0    0        1.842285875629568
 -421    0    0        1.839909988418087
 -420    0    0        1.837481639134375
 -419    0    0        1.834999749591693
 -418    0    0        1.832463242324627
 -417    0    0        1.829871043191400
 -416    0    0        1.827222084062184
 -415    0    0        1.824515305587178
 -414    0    0        1.821749660042438
 -413    0    0        1.818924114245669
 -412    0    0        1.816037652528245
 -411    0    0        1.813089279766547
 -410    0    0        1.810078024450476
 -409    0    0        1.807002941794286
 -408    0    0        1.803863116867344
 -407    0    0        1.800657667743165
 -406    0    0        1.797385748650167
 -405    0    0        1.794046553119359
 -404    0    0        1.790639317111758
 -403    0    0        1.787163322116359
 -402    0    0        1.783617898207550
 -401    0    0        1.780002427046576
 -400    0    0        1.776316344817554
 -399    0    0        1.772559145084551
 -398    0    0        1.768730381556955
 -397    0    0        1.764829670748902
 -396    0    0        1.760856694523958
 -395    0    0        1.756811202509834
 -394    0    0        1.752693014371738
 -393    0    0        1.748502021933666
 -392    0    0        1.744238191135952
 -391    0    0        1.739901563815353
 -390    0    0        1.735492259305278
 -389    0    0        1.731010475840602
 -388    0    0        1.726456491756585
 -387    0    0        1.721830666484187
 -386    0    0        1.717133441324200
 -385    0    0        1.712365340004224
 -384    0    0        1.707526969003707
 -383    0    0        1.702619017661795
 -382    0    0        1.697642258042651
 -381    0    0        1.692597544580228
 -380    0    0        1.687485813493668
 -379    0    0        1.682308081978068
 -378    0    0        1.677065447174666
 -377    0    0        1.671759084935045
 -376    0    0        1.666390248375385
 -375    0    0        1.660960266250458
 -374    0    0        1.655470541137474
 -373    0    0        1.649922547473395
 -372    0    0        1.644317829434224
 -371    0    0        1.638657998708072
 -370    0    0        1.632944732157361
 -369    0    0        1.627179769422562
 -368    0    0        1.621364910477624
 -367    0    0        1.615502013191827
 -366    0    0        1.609592990917590
 -365    0    0        1.603639810167777
 -364    0    0        1.597644488423698
 -363    0    0        1.591609092136782
 -362    0    0        1.585535734995005
 -361    0    0        1.579426576532277
 -360    0    0        1.573283821187055
 -359    0    0        1.567109717914597
 -358    0    0        1.560906560511603
 -357    0    0        1.554676688822610
 -356    0    0        1.548422491060704
 -355    0    0        1.542146407518744
 -354    0    0        1.535850936062732
 -353    0    0        1.529538639882758
 -352    0    0        1.523212158165206
 -351    0    0        1.516874220581162
 -350    0    0        1.510527666803107
 -349    0    0        1.504175472780614
 -348    0    0        1.497820786192771
 -347    0    0        1.491466974612326
 -346    0    0        1.485117691525364
 -345    0    0        1.478776967994853
 -344    0    0        1.472449341788695
 -343    0    0        1.466140042536120
 -342    0    0        1.459855262555959
 -341    0    0        1.453602562069845
 -340    0    0        1.447391490853650
 -339    0    0        1.441234568589497
 -338    0    0        1.435148877270723
 -337    0    0        1.429158727933059
 -336    0    0        1.423300256747257
 -335    0    0        1.417629509528146
 -334    0    0        1.412236600217274
 -333    0    0        1.407268734332591
 -332    0    0        1.402957716803242
 -331    0    0        1.399614717695207
 -330    0    0        1.397508383581800
 -329    0    0        1.396656196378785
 -328    0    0        1.396805795156453
 -327    0    0        1.397637767195812
 -326    0    0        1.398906902769917
 -325    0    0        1.400456890188174
 -324    0    0        1.402193073338919
 -323    0    0        1.404057787299170
 -322    0    0        1.406014933293457
 -321    0    0        1.408041155571066
 -320    0    0        1.410120842488598
 -319    0    0        1.412243241285119
 -318    0    0        1.414400745293465
 -317    0    0        1.416587845772235
 -316    0    0        1.418800471144393
 -315    0    0        1.421035558719653
 -314    0    0        1.423290769920406
 -313    0    0        1.425564296463789
 -312    0    0        1.427854725619372
 -311    0    0        1.430160944706602
 -310    0    0        1.432482072193845
 -309    0    0        1.434817407171424
 -308    0    0        1.437166391731908
 -307    0    0        1.439528582558402
 -306    0    0        1.441903629173989
 -305    0    0        1.444291257072153
 -304    0    0        1.446691254464367
 -303    0    0        1.449103461735359
 -302    0    0        1.451527762946790
 -301    0    0        1.453964078899606
 -300    0    0        1.456412361395067
 -299    0    0        1.458872588421002
 -298    0    0        1.461344760056764
 -297    0    0        1.463828894940759
 -296    0    0        1.466325027178049
 -295    0    0        1.468833203595657
 -294    0    0        1.471353481270976
 -293    0    0        1.473885925279458
 -292    0    0        1.476430606613655
 -291    0    0        1.478987600241895
 -290    0    0        1.481556983277688
 -289    0    0        1.484138833239625
 -288    0    0        1.486733226384842
 -287    0    0        1.489340236103366
 -286    0    0        1.491959931365246
 -285    0    0        1.494592375211656
 -284    0    0        1.497237623286352
 -283    0    0        1.499895722404271
 -282    0    0        1.502566709154640
 -281    0    0        1.505250608539642
 -280    0    0        1.507947432646574
 -279    0    0        1.510657179357354
 -278    0    0        1.513379831095479
 -277    0    0        1.516115353613291
 -276    0    0        1.518863694822607
 -275    0    0        1.521624783672339
 -274    0    0        1.524398529076454
 -273    0    0        1.527184818895050
 -272    0    0        1.529983518975469
 -271    0    0        1.532794472254879
 -270    0    0        1.535617497929920
 -269    0    0        1.538452390698560
 -268    0    0        1.541298920076389
 -267    0    0        1.544156829794482
 -266    0    0        1.547025837281102
 -265    0    0        1.549905633232126
 -264    0    0        1.552795881273951
 -263    0    0        1.555696217723360
 -262    0    0        1.558606251446565
 -261    0    0        1.561525563822056
 -260    0    0        1.564453708808341
 -259    0    0        1.567390213121413
 -258    0    0        1.570334576520421
 -257    0    0        1.573286272206988
 -256    0    0        1.576244747336031
 -255    0    0        1.579209423640096
 -254    0    0        1.582179698165832
 -253    0    0        1.585154944123272
 -252    0    0        1.588134511845686
 -251    0    0        1.591117729856641
 -250    0    0        1.594103906044288
 -249    0    0        1.597092328936377
 -248    0    0        1.600082269074220
 -247    0    0        1.603072980479105
 -246    0    0        1.606063702206814
 -245    0    0        1.609053659983082
 -244    0    0        1.612042067914153
 -243    0    0        1.615028130264378
 -242    0    0        1.618011043293166
 -241    0    0        1.620989997142965
 -240    0    0        1.623964177769475
 -239    0    0        1.626932768903827
 -238    0    0        1.629894954039018
 -237    0    0        1.632849918428997
 -236    0    0        1.635796851090920
 -235    0    0        1.638734946800474
 -234    0    0        1.641663408070042
 -233    0    0        1.644581447099479
 -232    0    0        1.647488287689120
 -231    0    0        1.650383167105708
 -230    0    0        1.653265337890904
 -229    0    0        1.656134069603837
 -228    0    0        1.658988650488489
 -227    0    0        1.661828389057505
 -226    0    0        1.664652615584818
 -225    0    0        1.667460683499808
 -224    0    0        1.670251970676698
 -223    0    0        1.673025880613572
 -222    0    0        1.675781843495372
 -221    0    0        1.678519317137048
 -220    0    0        1.681237787803889
 -219    0    0        1.683936770906640
 -218    0    0        1.686615811567742
 -217    0    0        1.689274485061147
 -216    0    0        1.691912397123001
 -215    0    0        1.694529184135580
 -214    0    0        1.697124513185411
 -213    0    0        1.699698081998584
 -212    0    0        1.702249618755993
 -211    0    0        1.704778881792994
 -210    0    0        1.707285659187711
 -209    0    0        1.709769768243091
 -208    0    0        1.712231054869171
 -207    0    0        1.714669392870458
 -206    0    0        1.717084683147375
 -205    0    0        1.719476852816288
 -204    0    0        1.721845854257674
 -203    0    0        1.724191664098205
 -202    0    0        1.726514282136863
 -201    0    0        1.728813730220263
 -200    0    0        1.731090051077512
 -199    0    0        1.733343307121587
 -198    0    0        1.735573579224758
 -197    0    0        1.737780965476826
 -196    0    0        1.739965579933274
 -195    0    0        1.742127551359848
 -194    0    0        1.744267021982651
 -193    0    0        1.746384146248858
 -192    0    0        1.748479089605007
 -191    0    0        1.750552027298560
 -190    0    0        1.752603143210158
 -189    0    0        1.754632628718540
 -188    0    0        1.756640681605699
 -187    0    0        1.758627505005301
 -186    0    0        1.760593306399010
 -185    0    0        1.762538296661841
 -184    0    0        1.764462689162965
 -183    0    0        1.766366698920061
 -182    0    0        1.768250541812907
 -181    0    0        1.770114433855418
 -180    0    0        1.771958590526991
 -179    0    0        1.773783226164745
 -178    0    0        1.775588553415268
 -177    0    0        1.777374782747108
 -176    0    0        1.779142122021887
 -175    0    0        1.780890776122891
 -174    0    0        1.782620946640948
 -173    0    0        1.784332831613842
 -172    0    0        1.786026625318769
 -171    0    0        1.787702518114089
 -170    0    0        1.789360696329587
 -169    0    0        1.791001342199777
 -168    0    0        1.792624633839010
 -167    0    0        1.794230745255574
 -166    0    0        1.795819846399755
 -165    0    0        1.797392103243321
 -164    0    0        1.798947677887756
 -163    0    0        1.800486728695817
 -162    0    0        1.802009410444686
 -161    0    0        1.803515874496074
 -160    0    0        1.805006268979871
 -159    0    0        1.806480738988759
 -158    0    0        1.807939426778582
 -157    0    0        1.809382471973534
 -156    0    0        1.810810011770932
 -155    0    0        1.812222181143493
 -154    0    0        1.813619113036507
 -153    0    0        1.815000938556324
 -152    0    0        1.816367787148572
 -151    0    0        1.817719786762577
 -150    0    0        1.819057064001816
 -149    0    0        1.820379744256041
 -148    0    0        1.821687951815073
 -147    0    0        1.822981809962897
 -146    0    0        1.824261441049310
 -145    0    0        1.825526966539910
 -144    0    0        1.826778507042453
 -143    0    0        1.828016182309671
 -142    0    0        1.829240111218085
 -141    0    0        1.830450411722356
 -140    0    0        1.831647200785997
 -139    0    0        1.832830594288884
 -138    0    0        1.834000706910707
 -137    0    0        1.835157651993298
 -136    0    0        1.836301541381128
 -135    0    0        1.837432485241712
 -134    0    0        1.838550591866967
 -133    0    0        1.839655967457902
 -132    0    0        1.840748715892500
 -131    0    0        1.841828938479930
 -130    0    0        1.842896733702388
 -129    0    0        1.843952196946497
 -128    0    0        1.844995420225800
 -127    0    0        1.846026491897146
 -126    0    0        1.847045496372371
 -125    0    0        1.848052513827455
 -124    0    0        1.849047619911458
 -123    0    0        1.850030885457078
 -122    0    0        1.851002376195529
 -121    0    0        1.851962152475779
 -120    0    0        1.852910268993198
 -119    0    0        1.853846774526767
 -118    0    0        1.854771711687998
 -117    0    0        1.855685116683301
 -116    0    0        1.856587019090959
 -115    0    0        1.857477441654442
 -114    0    0        1.858356400093783
 -113    0    0        1.859223902936208
 -112    0    0        1.860079951366824
 -111    0    0        1.860924539100829
 -110    0    0        1.861757652278641
 -109    0    0        1.862579269383518
 -108    0    0        1.863389361183555
 -107    0    0        1.864187890698288
 -106    0    0        1.864974813190096
 -105    0    0        1.865750076180398
 -104    0    0        1.866513619492502
 -103    0    0        1.867265375318810
 -102    0    0        1.868005268313929
 -101    0    0        1.868733215713959
 -100    0    0        1.869449127479369
  -99    0    0        1.870152906464627
  -98    0    0        1.870844448610818
  -97    0    0        1.871523643162999
  -96    0    0        1.872190372911008
  -95    0    0        1.872844514453345
  -94    0    0        1.873485938483255
  -93    0    0        1.874114510096446
  -92    0    0        1.874730089120829
  -91    0    0        1.875332530465175
  -90    0    0        1.875921684489409
  -89    0    0        1.876497397392741
  -88    0    0        1.877059511621434
  -87    0    0        1.877607866293995
  -86    0    0        1.878142297644597
  -85    0    0        1.878662639482813
  -84    0    0        1.879168723671530
  -83    0    0        1.879660380619439
  -82    0    0        1.880137439791766
  -81    0    0        1.880599730235301
  -80    0    0        1.881047081120784
  -79    0    0        1.881479322300646
  -78    0    0        1.881896284882994
  -77    0    0        1.882297801822165
  -76    0    0        1.882683708525972
  -75    0    0        1.883053843480019
  -74    0    0        1.883408048889702
  -73    0    0        1.883746171340196
  -72    0    0        1.884068062475425
  -71    0    0        1.884373579697192
  -70    0    0        1.884662586883886
  -69    0    0        1.884934955130552
  -68    0    0        1.885190563511385
  -67    0    0        1.885429299865460
  -66    0    0        1.885651061605377
  -65    0    0        1.885855756551142
  -64    0    0        1.886043303789890
  -63    0    0        1.886213634560618
  -62    0    0        1.886366693166833
  -61    0    0        1.886502437915581
  -60    0    0        1.886620842083946
  -59    0    0        1.886721894913091
  -58    0    0        1.886805602629322
  -57    0    0        1.886871989491720
  -56    0    0        1.886921098865076
  -55    0    0        1.886952994317283
  -54    0    0        1.886967760738713
  -53    0    0        1.886965505482034
  -52    0    0        1.886946359518864
  -51    0    0        1.886910478609047
  -50    0    0        1.886858044480049
  -49    0    0        1.886789266009504
  -48    0    0        1.886704380406035
  -47    0    0        1.886603654381002
  -46    0    0        1.886487385303842
  -45    0    0        1.886355902331361
  -44    0    0        1.886209567503032
  -43    0    0        1.886048776787865
  -42    0    0        1.885873961075756
  -41    0    0        1.885685587095251
  -40    0    0        1.885484158246831
  -39    0    0        1.885270215334566
  -38    0    0        1.885044337180866
  -37    0    0        1.884807141106162
  -36    0    0        1.884559283255060
  -35    0    0        1.884301458750844
  -34    0    0        1.884034401658099
  -33    0    0        1.883758884731886
  -32    0    0        1.883475718936584
  -31    0    0        1.883185752710885
  -30    0    0        1.882889870960304
  -29    0    0        1.882588993759098
  -28    0    0        1.882284074742743
  -27    0    0        1.881976099174473
  -26    0    0        1.881666081672087
  -25    0    0        1.881355063585231
  -24    0    0        1.881044110011087
  -23    0    0        1.880734306447013
  -22    0    0        1.880426755077586
  -21    0    0        1.880122570701396
  -20    0    0        1.879822876305422
  -19    0    0        1.879528798303864
  -18    0    0        1.879241461459368
  -17    0    0        1.878961983516781
  -16    0    0        1.878691469579742
  -15    0    0        1.878431006272797
  -14    0    0        1.878181655731730
  -13    0    0        1.877944449476486
  -12    0    0        1.877720382222983
  -11    0    0        1.877510405695693
  -10    0    0        1.877315422507548
   -9    0    0        1.877136280175830
   -8    0    0        1.876973765345694
   -7    0    0        1.876828598291992
   -6    0    0        1.876701427771313
   -5    0    0        1.876592826290700
   -4    0    0        1.876503285861355
   -3    0    0        1.876433214293714
   -2    0    0        1.876382932088337
   -1    0    0        1.876352669969162
    0    0    0        1.876342567093853
    1    0    0        1.876352669969162
    2    0    0        1.876382932088337
    3    0    0        1.876433214293714
    4    0    0        1.876503285861355
    5    0    0        1.876592826290700
    6    0    0        1.876701427771313
    7    0    0        1.876828598291992
    8    0    0        1.876973765345694
    9    0    0        1.877136280175830
   10    0    0        1.877315422507548
   11    0    0        1.877510405695693
   12    0    0        1.877720382222983
   13    0    0        1.877944449476486
   14    0    0        1.878181655731730
   15    0    0        1.878431006272797
   16    0    0        1.878691469579742
   17    0    0        1.878961983516781
   18    0    0        1.879241461459368
   19    0    0        1.879528798303864
   20    0    0        1.879822876305422
   21    0    0        1.880122570701396
   22    0    0        1.880426755077586
   23    0    0        1.880734306447013
   24    0    0        1.881044110011087
   25    0    0        1.881355063585231
   26    0    0        1.881666081672087
   27    0    0        1.881976099174473
   28    0    0        1.882284074742743
   29    0    0        1.882588993759098
   30    0    0        1.882889870960304
   31    0    0        1.883185752710885
   32    0    0        1.883475718936584
   33    0    0        1.883758884731886
   34    0    0        1.884034401658099
   35    0    0        1.884301458750844
   36    0    0        1.884559283255060
   37    0    0        1.884807141106162
   38    0    0        1.885044337180866
   39    0    0        1.885270215334566
   40    0    0        1.885484158246831
   41    0    0        1.885685587095251
   42    0    0        1.885873961075756
   43    0    0        1.886048776787865
   44    0    0        1.886209567503032
   45    0    0        1.886355902331361
   46    0    0        1.886487385303842
   47    0    0        1.886603654381002
   48    0    0        1.886704380406035
   49    0    0        1.886789266009504
   50    0    0        1.886858044480049
   51    0    0        1.886910478609047
   52    0    0        1.886946359518864
   53    0    0        1.886965505482034
   54    0    0        1.886967760738713
   55    0    0        1.886952994317283
   56    0    0        1.886921098865076
   57    0    0        1.886871989491720
   58    0    0        1.886805602629322
   59    0    0        1.886721894913091
   60    0    0        1.886620842083946
   61    0    0        1.886502437915581
   62    0    0        1.886366693166833
   63    0    0        1.886213634560618
   64    0    0        1.886043303789890
   65    0    0        1.885855756551142
   66    0    0        1.885651061605377
   67    0    0        1.885429299865460
   68    0    0        1.885190563511385
   69    0    0        1.884934955130552
   70    0    0        1.884662586883886
   71    0    0        1.884373579697192
   72    0    0        1.884068062475425
   73    0    0        1.883746171340196
   74    0    0        1.883408048889702
   75    0    0        1.883053843480019
   76    0    0        1.882683708525972
   77    0    0        1.882297801822165
   78    0    0        1.881896284882994
   79    0    0        1.881479322300646
   80    0    0        1.881047081120784
   81    0    0        1.880599730235301
   82    0    0        1.880137439791766
   83    0    0        1.879660380619439
   84    0    0        1.879168723671530
   85    0    0        1.878662639482813
   86    0    0        1.878142297644597
   87    0    0        1.877607866293995
   88    0    0        1.877059511621434
   89    0    0        1.876497397392741
   90    0    0        1.875921684489409
   91    0    0        1.875332530465175
   92    0    0        1.874730089120829
   93    0    0        1.874114510096446
   94    0    0        1.873485938483255
   95    0    0        1.872844514453345
   96    0    0        1.872190372911008
   97    0    0        1.871523643162999
   98    0    0        1.870844448610818
   99    0    0        1.870152906464627
  100    0    0        1.869449127479369
  101    0    0        1.868733215713959
  102    0    0        1.868005268313929
  103    0    0        1.867265375318810
  104    0    0        1.866513619492502
  105    0    0        1.865750076180398
  106    0    0        1.864974813190096
  107    0    0        1.864187890698288
  108    0    0        1.863389361183555
  109    0    0        1.862579269383518
  110    0    0        1.861757652278641
  111    0    0        1.860924539100829
  112    0    0        1.860079951366824
  113    0    0        1.859223902936208
  114    0    0        1.858356400093783
  115    0    0        1.857477441654442
  116    0    0        1.856587019090959
  117    0    0        1.855685116683301
  118    0    0        1.854771711687998
  119    0    0        1.853846774526767
  120    0    0        1.852910268993198
  121    0    0        1.851962152475779
  122    0    0        1.851002376195529
  123    0    0        1.850030885457078
  124    0    0        1.849047619911458
  125    0    0        1.848052513827455
  126    0    0        1.847045496372371
  127    0    0        1.846026491897146
  128    0    0        1.844995420225800
  129    0    0        1.843952196946497
  130    0    0        1.842896733702388
  131    0    0        1.841828938479930
  132    0    0        1.840748715892500
  133    0    0        1.839655967457902
  134    0    0        1.838550591866967
  135    0    0        1.837432485241712
  136    0    0        1.836301541381128
  137    0    0        1.835157651993298
  138    0    0        1.834000706910707
  139    0    0        1.832830594288884
  140    0    0        1.831647200785997
  141    0    0        1.830450411722356
  142    0    0        1.829240111218085
  143    0    0        1.828016182309671
  144    0    0        1.826778507042453
  145    0    0        1.825526966539910
  146    0    0        1.824261441049310
  147    0    0        1.822981809962897
  148    0    0        1.821687951815073
  149    0    0        1.820379744256041
  150    0    0        1.819057064001816
  151    0    0        1.817719786762577
  152    0    0        1.816367787148572
  153    0    0        1.815000938556324
  154    0    0        1.813619113036507
  155    0    0        1.812222181143493
  156    0    0        1.810810011770932
  157    0    0        1.809382471973534
  158    0    0        1.807939426778582
  159    0    0        1.806480738988759
  160    0    0        1.805006268979871
  161    0    0        1.803515874496074
  162    0    0        1.802009410444686
  163    0    0        1.800486728695817
  164    0    0        1.798947677887756
  165    0    0        1.797392103243321
  166    0    0        1.795819846399755
  167    0    0        1.794230745255574
  168    0    0        1.792624633839010
  169    0    0        1.791001342199777
  170    0    0        1.789360696329587
  171    0    0        1.787702518114089
  172    0    0        1.786026625318769
  173    0    0        1.784332831613842
  174    0    0        1.782620946640948
  175    0    0        1.780890776122891
  176    0    0        1.779142122021887
  177    0    0        1.777374782747108
  178    0    0        1.775588553415268
  179    0    0        1.773783226164745
  180    0    0        1.771958590526991
  181    0    0        1.770114433855418
  182    0    0        1.768250541812907
  183    0    0        1.766366698920061
  184    0    0        1.764462689162965
  185    0    0        1.762538296661841
  186    0    0        1.760593306399010
  187    0    0        1.758627505005301
  188    0    0        1.756640681605699
  189    0    0        1.754632628718540
  190    0    0        1.752603143210158
  191    0    0        1.750552027298560
  192    0    0        1.748479089605007
  193    0    0        1.746384146248858
  194    0    0        1.744267021982651
  195    0    0        1.742127551359848
  196    0    0        1.739965579933274
  197    0    0        1.737780965476826
  198    0    0        1.735573579224758
  199    0    0        1.733343307121587
  200    0    0        1.731090051077512
  201    0    0        1.728813730220263
  202    0    0        1.726514282136863
  203    0    0        1.724191664098205
  204    0    0        1.721845854257674
  205    0    0        1.719476852816288
  206    0    0        1.717084683147375
  207    0    0        1.714669392870458
  208    0    0        1.712231054869171
  209    0    0        1.709769768243091
  210    0    0        1.707285659187711
  211    0    0        1.704778881792994
  212    0    0        1.702249618755993
  213    0    0        1.699698081998584
  214    0    0        1.697124513185411
  215    0    0        1.694529184135580
  216    0    0        1.691912397123001
  217    0    0        1.689274485061147
  218    0    0        1.686615811567742
  219    0    0        1.683936770906640
  220    0    0        1.681237787803889
  221    0    0        1.678519317137048
  222    0    0        1.675781843495372
  223    0    0        1.673025880613572
  224    0    0        1.670251970676698
  225    0    0        1.667460683499808
  226    0    0        1.664652615584818
  227    0    0        1.661828389057505
  228    0    0        1.658988650488489
  229    0    0        1.656134069603837
  230    0    0        1.653265337890904
  231    0    0        1.650383167105708
  232    0    0        1.647488287689120
  233    0    0        1.644581447099479
  234    0    0        1.641663408070042
  235    0    0        1.638734946800474
  236    0    0        1.635796851090920
  237    0    0        1.632849918428997
  238    0    0        1.629894954039018
  239    0    0        1.626932768903827
  240    0    0        1.623964177769475
  241    0    0        1.620989997142965
  242    0    0        1.618011043293166
  243    0    0        1.615028130264378
  244    0    0        1.612042067914153
  245    0    0        1.609053659983082
  246    0    0        1.606063702206814
  247    0    0        1.603072980479105
  248    0    0        1.600082269074220
  249    0    0        1.597092328936377
  250    0    0        1.594103906044288
  251    0    0        1.591117729856641
  252    0    0        1.588134511845686
  253    0    0        1.585154944123272
  254    0    0        1.582179698165832
  255    0    0        1.579209423640096
  256    0    0        1.576244747336031
  257    0    0        1.573286272206988
  258    0    0        1.570334576520421
  259    0    0        1.567390213121413
  260    0    0        1.564453708808341
  261    0    0        1.561525563822056
  262    0    0        1.558606251446565
  263    0    0        1.555696217723360
  264    0    0        1.552795881273951
  265    0    0        1.549905633232126
  266    0    0        1.547025837281102
  267    0    0        1.544156829794482
  268    0    0        1.541298920076389
  269    0    0        1.538452390698560
  270    0    0        1.535617497929920
  271    0    0        1.532794472254879
  272    0    0        1.529983518975469
  273    0    0        1.527184818895050
  274    0    0        1.524398529076454
  275    0    0        1.521624783672339
  276    0    0        1.518863694822607
  277    0    0        1.516115353613291
  278    0    0        1.513379831095479
  279    0    0        1.510657179357354
  280    0    0        1.507947432646574
  281    0    0        1.505250608539642
  282    0    0        1.502566709154640
  283    0    0        1.499895722404271
  284    0    0        1.497237623286352
  285    0    0        1.494592375211656
  286    0    0        1.491959931365246
  287    0    0        1.489340236103366
  288    0    0        1.486733226384842
  289    0    0        1.484138833239625
  290    0    0        1.481556983277688
  291    0    0        1.478987600241895
  292    0    0        1.476430606613655
  293    0    0        1.473885925279458
  294    0    0        1.471353481270976
  295    0    0        1.468833203595657
  296    0    0        1.466325027178049
  297    0    0        1.463828894940759
  298    0    0        1.461344760056764
  299    0    0        1.458872588421002
  300    0    0        1.456412361395067
  301    0    0        1.453964078899606
  302    0    0        1.451527762946790
  303    0    0        1.449103461735359
  304    0    0        1.446691254464367
  305    0    0        1.444291257072153
  306    0    0        1.441903629173989
  307    0    0        1.439528582558402
  308    0    0        1.437166391731908
  309    0    0        1.434817407171424
  310    0    0        1.432482072193845
  311    0    0        1.430160944706602
  312    0    0        1.427854725619372
  313    0    0        1.425564296463789
  314    0    0        1.423290769920406
  315    0    0        1.421035558719653
  316    0    0        1.418800471144393
  317    0    0        1.416587845772235
  318    0    0        1.414400745293465
  319    0    0        1.412243241285119
  320    0    0        1.410120842488598
  321    0    0        1.408041155571066
  322    0    0        1.406014933293457
  323    0    0        1.404057787299170
  324    0    0        1.402193073338919
  325    0    0        1.400456890188174
  326    0    0        1.398906902769917
  327    0    0        1.397637767195812
  328    0    0        1.396805795156453
  329    0    0        1.396656196378785
  330    0    0        1.397508383581800
  331    0    0        1.399614717695207
  332    0    0        1.402957716803242
  333    0    0        1.407268734332591
  334    0    0        1.412236600217274
  335    0    0        1.417629509528146
  336    0    0        1.423300256747257
  337    0    0        1.429158727933059
  338    0    0        1.435148877270723
  339    0    0        1.441234568589497
  340    0    0        1.447391490853650
  341    0    0        1.453602562069845
  342    0    0        1.459855262555959
  343    0    0        1.466140042536120
  344    0    0        1.472449341788695
  345    0    0        1.478776967994853
  346    0    0        1.485117691525364
  347    0    0        1.491466974612326
  348    0    0        1.497820786192771
  349    0    0        1.504175472780614
  350    0    0        1.510527666803107
  351    0    0        1.516874220581162
  352    0    0        1.523212158165206
  353    0    0        1.529538639882758
  354    0    0        1.535850936062732
  355    0    0        1.542146407518744
  356    0    0        1.548422491060704
  357    0    0        1.554676688822610
  358    0    0        1.560906560511603
  359    0    0        1.567109717914597
  360    0    0        1.573283821187055
  361    0    0        1.579426576532277
  362    0    0        1.585535734995005
  363    0    0        1.591609092136782
  364    0    0        1.597644488423698
  365    0    0        1.603639810167777
  366    0    0        1.609592990917590
  367    0    0        1.615502013191827
  368    0    0        1.621364910477624
  369    0    0        1.627179769422562
  370    0    0        1.632944732157361
  371    0    0        1.638657998708072
  372    0    0        1.644317829434224
  373    0    0        1.649922547473395
  374    0    0        1.655470541137474
  375    0    0        1.660960266250458
  376    0    0        1.666390248375385
  377    0    0        1.671759084935045
  378    0    0        1.677065447174666
  379    0    0        1.682308081978068
  380    0    0        1.687485813493668
  381    0    0        1.692597544580228
  382    0    0        1.697642258042651
  383    0    0        1.702619017661795
  384    0    0        1.707526969003707
  385    0    0        1.712365340004224
  386    0    0        1.717133441324200
  387    0    0        1.721830666484187
  388    0    0        1.726456491756585
  389    0    0        1.731010475840602
  390    0    0        1.735492259305278
  391    0    0        1.739901563815353
  392    0    0        1.744238191135952
  393    0    0        1.748502021933666
  394    0    0        1.752693014371738
  395    0    0        1.756811202509834
  396    0    0        1.760856694523958
  397    0    0        1.764829670748902
  398    0    0        1.768730381556955
  399    0    0        1.772559145084551
  400    0    0        1.776316344817554
  401    0    0        1.780002427046576
  402    0    0        1.783617898207550
  403    0    0        1.787163322116359
  404    0    0        1.790639317111758
  405    0    0        1.794046553119359
  406    0    0        1.797385748650167
  407    0    0        1.800657667743165
  408    0    0        1.803863116867344
  409    0    0        1.807002941794286
  410    0    0        1.810078024450476
  411    0    0        1.813089279766547
  412    0    0        1.816037652528245
  413    0    0        1.818924114245669
  414    0    0        1.821749660042438
  415    0    0        1.824515305587178
  416    0    0        1.827222084062184
  417    0    0        1.829871043191400
  418    0    0        1.832463242324627
  419    0    0        1.834999749591693
  420    0    0        1.837481639134375
  421    0    0        1.839909988418087
  422    0    0        1.842285875629568
  423    0    0        1.844610377173464
  424    0    0        1.846884565261261
  425    0    0        1.849109505602922
  426    0    0        1.851286255207026
  427    0    0        1.853415860286979
  428    0    0        1.855499354277117
  429    0    0        1.857537755965006
  430    0    0        1.859532067735770
  431    0    0        1.861483273933364
  432    0    0        1.863392339336436
  433    0    0        1.865260207751252
  434    0    0        1.867087800722737
  435    0    0        1.868876016355988
  436    0    0        1.870625728258582
  437    0    0        1.872337784588591
  438    0    0        1.874013007221469
  439    0    0        1.875652191019511
  440    0    0        1.877256103212893
  441    0    0        1.878825482884687
  442    0    0        1.880361040555370
  443    0    0        1.881863457869009
  444    0    0        1.883333387373711
  445    0    0        1.884771452395314
  446    0    0        1.886178246999399
  447    0    0        1.887554336038433
  448    0    0        1.888900255284292
  449    0    0        1.890216511632403
  450    0    0        1.891503583384803
  451    0    0        1.892761920603367
  452    0    0        1.893991945525182
  453    0    0        1.895194053045886
  454    0    0        1.896368611256209
  455    0    0        1.897515962033294
  456    0    0        1.898636421687969
  457    0    0        1.899730281648821
  458    0    0        1.900797809196626
  459    0    0        1.901839248230869
  460    0    0        1.902854820075754
  461    0    0        1.903844724312629
  462    0    0        1.904809139642979
  463    0    0        1.905748224769744
  464    0    0        1.906662119304513
  465    0    0        1.907550944683337
  466    0    0        1.908414805103134
  467    0    0        1.909253788458697
  468    0    0        1.910067967295390
  469    0    0        1.910857399757406
  470    0    0        1.911622130536927
  471    0    0        1.912362191827230
  472    0    0        1.913077604260112
  473    0    0        1.913768377842427
  474    0    0        1.914434512879772
  475    0    0        1.915076000885654
  476    0    0        1.915692825477346
  477    0    0        1.916284963251846
  478    0    0        1.916852384645386
  479    0    0        1.917395054766005
  480    0    0        1.917912934209319
  481    0    0        1.918405979841754
  482    0    0        1.918874145564359
  483    0    0        1.919317383041637
  484    0    0        1.919735642405456
  485    0    0        1.920128872923843
  486    0    0        1.920497023641687
  487    0    0        1.920840043983419
  488    0    0        1.921157884325337
  489    0    0        1.921450496528951
  490    0    0        1.921717834440680
  491    0    0        1.921959854352973
  492    0    0        1.922176515428006
  493    0    0        1.922367780082359
  494    0    0        1.922533614333812
  495    0    0        1.922673988107149
  496    0    0        1.922788875500957
  497    0    0        1.922878255014214
  498    0    0        1.922942109730443
  499    0    0        1.922980427463929
  500    0    0        1.922993200860968
