 -500    0    0        0.569293576918791
 -499    0    0        0.569292869272503
 -498    0    0        0.569290746638678
 -497    0    0        0.569287209932516
 -496    0    0        0.569282260679635
 -495    0    0        0.569275901016495
 -494    0    0        0.569268133690987
 -493    0    0        0.569258962063205
 -492    0    0        0.569248390106368
 -491    0    0        0.569236422407910
 -490    0    0        0.569223064170743
 -489    0    0        0.569208321214680
 -488    0    0        0.569192199978006
 -487    0    0        0.569174707519226
 -486    0    0        0.569155851518942
 -485    0    0        0.569135640281907
 -484    0    0        0.569114082739210
 -483    0    0        0.569091188450608
 -482    0    0        0.569066967607006
 -481    0    0        0.569041431033060
 -480    0    0        0.569014590189920
 -479    0    0        0.568986457178088
 -478    0    0        0.568957044740407
 -477    0    0        0.568926366265162
 -476    0    0        0.568894435789275
 -475    0    0        0.568861268001600
 -474    0    0        0.568826878246343
 -473    0    0        0.568791282526503
 -472    0    0        0.568754497507461
 -471    0    0        0.568716540520567
 -470    0    0        0.568677429566824
 -469    0    0        0.568637183320604
 -468    0    0        0.568595821133397
 -467    0    0        0.568553363037570
 -466    0    0        0.568509829750161
 -465    0    0        0.568465242676630
 -464    0    0        0.568419623914626
 -463    0    0        0.568372996257690
 -462    0    0        0.568325383198902
 -461    0    0        0.568276808934490
 -460    0    0        0.568227298367311
 -459    0    0        0.568176877110240
 -458    0    0        0.568125571489425
 -457    0    0        0.568073408547379
 -456    0    0        0.568020416045910
 -455    0    0        0.567966622468815
 -454    0    0        0.567912057024385
 -453    0    0        0.567856749647602
 -452    0    0        0.567800731002075
 -451    0    0        0.567744032481638
 -450    0    0        0.567686686211586
 -449    0    0        0.567628725049504
 -448    0    0        0.567570182585672
 -447    0    0        0.567511093142976
 -446    0    0        0.567451491776300
 -445    0    0        0.567391414271318
 -444    0    0        0.567330897142682
 -443    0    0        0.567269977631509
 -442    0    0        0.567208693702121
 -441    0    0        0.567147084037978
 -440    0    0        0.567085188036738
 -439    0    0        0.567023045804344
 -438    0    0        0.566960698148085
 -437    0    0        0.566898186568560
 -436    0    0        0.566835553250375
 -435    0    0        0.566772841051594
 -434    0    0        0.566710093491718
 -433    0    0        0.566647354738149
 -432    0    0        0.566584669590994
 -431    0    0        0.566522083466068
 -430    0    0        0.566459642375940
 -429    0    0        0.566397392908895
 -428    0    0        0.566335382205589
 -427    0    0        0.566273657933254
 -426    0    0        0.566212268257209
 -425    0    0        0.566151261809479
 -424    0    0        0.566090687654269
 -423    0    0        0.566030595249995
 -422    0    0        0.565971034407611
 -421    0    0        0.565912055244909
 -420    0    0        0.565853708136404
 -419    0    0        0.565796043658439
 -418    0    0        0.565739112529075
 -417    0    0        0.565682965542268
 -416    0    0        0.565627653495854
 -415    0    0        0.565573227112701
 -414    0    0        0.565519736954445
 -413    0    0        0.565467233327038
 -412    0    0        0.565415766177367
 -411    0    0        0.565365384980026
 -410    0    0        0.565316138613273
 -409    0    0        0.565268075223067
 -408    0    0        0.565221242073979
 -407    0    0        0.565175685385575
 -406    0    0        0.565131450152761
 -405    0    0        0.565088579948331
 -404    0    0        0.565047116705815
 -403    0    0        0.565007100480398
 -402    0    0        0.564968569185472
 -401    0    0        0.564931558301989
 -400    0    0        0.564896100557487
 -399    0    0        0.564862225571176
 -398    0    0        0.564829959460988
 -397    0    0        0.564799324407974
 -396    0    0        0.564770338172704
 -395    0    0        0.564743013557605
 -394    0    0        0.564717357808299
 -393    0    0        0.564693371945920
 -392    0    0        0.564671050021254
 -391    0    0        0.564650378280054
 -390    0    0        0.564631334227359
 -389    0    0        0.564613885576564
 -388    0    0        0.564597989066834
 -387    0    0        0.564583589129708
 -386    0    0        0.564570616382626
 -385    0    0        0.564558985923245
 -384    0    0        0.564548595394140
 -383    0    0        0.564539322782048
 -382    0    0        0.564531023909567
 -381    0    0        0.564523529569729
 -380    0    0        0.564516642244903
 -379    0    0        0.564510132340731
 -378    0    0        0.564503733852929
 -377    0    0        0.564497139369561
 -376    0    0        0.564489994292716
 -375    0    0        0.564481890141743
 -374    0    0        0.564472356773579
 -373    0    0        0.564460853324500
 -372    0    0        0.564446757640033
 -371    0    0        0.564429353916076
 -370    0    0        0.564407818222317
 -369    0    0        0.564381201520091
 -368    0    0        0.564348409719311
 -367    0    0        0.564308180245646
 -366    0    0        0.564259054512172
 -365    0    0        0.564199345616470
 -364    0    0        0.564127100525970
 -363    0    0        0.564040055993829
 -362    0    0        0.563935587496133
 -361    0    0        0.563810650657442
 -360    0    0        0.563661715014466
 -359    0    0        0.563484690682626
 -358    0    0        0.563274849705436
 -357    0    0        0.563026745800880
 -356    0    0        0.562734139119996
 -355    0    0        0.562389936709204
 -354    0    0        0.561986164642935
 -353    0    0        0.561513993832292
 -352    0    0        0.560963847032276
 -351    0    0        0.560325617006979
 -350    0    0        0.559589021246577
 -349    0    0        0.558744102618306
 -348    0    0        0.557781855326622
 -347    0    0        0.556694914699571
 -346    0    0        0.555478209445297
 -345    0    0        0.554129454907157
 -344    0    0        0.552649382107033
 -343    0    0        0.551041651962637
 -342    0    0        0.549312478572014
 -341    0    0        0.547470049788003
 -340    0    0        0.545523863633136
 -339    0    0        0.543484090692727
 -338    0    0        0.541361038325338
 -337    0    0        0.539164751368514
 -336    0    0        0.536904750372255
 -335    0    0        0.534589888023951
 -334    0    0        0.532228296346718
 -333    0    0        0.529827397485268
 -332    0    0        0.527393955352537
 -331    0    0        0.524934151171590
 -330    0    0        0.522453671379132
 -329    0    0        0.519957800803913
 -328    0    0        0.517451517385489
 -327    0    0        0.514939587116352
 -326    0    0        0.512426659617439
 -325    0    0        0.509917366021232
 -324    0    0        0.507416421845275
 -323    0    0        0.504928738440621
 -322    0    0        0.502459547509729
 -321    0    0        0.500014544173314
 -320    0    0        0.497600055137881
 -319    0    0        0.495223239582283
 -318    0    0        0.492892331181423
 -317    0    0        0.490616929615236
 -316    0    0        0.488408347766738
 -315    0    0        0.486280014371816
 -314    0    0        0.484247917344399
 -313    0    0        0.482331044591307
 -312    0    0        0.480551729730192
 -311    0    0        0.478935735182808
 -310    0    0        0.477511813440378
 -309    0    0        0.476310421019690
 -308    0    0        0.475361312790724
 -307    0    0        0.474690039847766
 -306    0    0        0.474313942021620
 -305    0    0        0.474238820866779
 -304    0    0        0.474457592961041
 -303    0    0        0.474951534668027
 -302    0    0        0.475693597941606
 -301    0    0        0.476652511982212
 -300    0    0        0.477796428557891
 -299    0    0        0.479095452878675
 -298    0    0        0.480523002375053
 -297    0    0        0.482056265792536
 -296    0    0        0.483676105012087
 -295    0    0        0.485366677241506
 -294    0    0        0.487114958436728
 -293    0    0        0.488910268104953
 -292    0    0        0.490743842064453
 -291    0    0        0.492608468918281
 -290    0    0        0.494498190321375
 -289    0    0        0.496408058292758
 -288    0    0        0.498333940679105
 -287    0    0        0.500272365971396
 -286    0    0        0.502220399693054
 -285    0    0        0.504175545855270
 -284    0    0        0.506135668212050
 -283    0    0        0.508098927125887
 -282    0    0        0.510063728746158
 -281    0    0        0.512028683918740
 -280    0    0        0.513992574809536
 -279    0    0        0.515954327665945
 -278    0    0        0.517912990482839
 -277    0    0        0.519867714605420
 -276    0    0        0.521817739507329
 -275    0    0        0.523762380142307
 -274    0    0        0.525701016391949
 -273    0    0        0.527633084229297
 -272    0    0        0.529558068293996
 -271    0    0        0.531475495634525
 -270    0    0        0.533384930419630
 -269    0    0        0.535285969459353
 -268    0    0        0.537178238404439
 -267    0    0        0.539061388517876
 -266    0    0        0.540935093930267
 -265    0    0        0.542799049306381
 -264    0    0        0.544652967862795
 -263    0    0        0.546496579685991
 -262    0    0        0.548329630308896
 -261    0    0        0.550151879509928
 -260    0    0        0.551963100304659
 -259    0    0        0.553763078104165
 -258    0    0        0.555551610017860
 -257    0    0        0.557328504282042
 -256    0    0        0.559093579797372
 -255    0    0        0.560846665760870
 -254    0    0        0.562587601379865
 -253    0    0        0.564316235656541
 -252    0    0        0.566032427233253
 -251    0    0        0.567736044289432
 -250    0    0        0.569426964482516
 -249    0    0        0.571105074925159
 -248    0    0        0.572770272192553
 -247    0    0        0.574422462353733
 -246    0    0        0.576061561021382
 -245    0    0        0.577687493415159
 -244    0    0        0.579300194434115
 -243    0    0        0.580899608733737
 -242    0    0        0.582485690804007
 -241    0    0        0.584058405044792
 -240    0    0        0.585617725835444
 -239    0    0        0.587163637595386
 -238    0    0        0.588696134833518
 -237    0    0        0.590215222183309
 -236    0    0        0.591720914422041
 -235    0    0        0.593213236471755
 -234    0    0        0.594692223380425
 -233    0    0        0.596157920281739
 -232    0    0        0.597610382332217
 -231    0    0        0.599049674624477
 -230    0    0        0.600475872075839
 -229    0    0        0.601889059291455
 -228    0    0        0.603289330401501
 -227    0    0        0.604676788871990
 -226    0    0        0.606051547289054
 -225    0    0        0.607413727116691
 -224    0    0        0.608763458428032
 -223    0    0        0.610100879610485
 -222    0    0        0.611426137045169
 -221    0    0        0.612739384761120
 -220    0    0        0.614040784065054
 -219    0    0        0.615330503147467
 -218    0    0        0.616608716665955
 -217    0    0        0.617875605306881
 -216    0    0        0.619131355326420
 -215    0    0        0.620376158072194
 -214    0    0        0.621610209486929
 -213    0    0        0.622833709595340
 -212    0    0        0.624046861975720
 -211    0    0        0.625249873217790
 -210    0    0        0.626442952368158
 -209    0    0        0.627626310365080
 -208    0    0        0.628800159464075
 -207    0    0        0.629964712655709
 -206    0    0        0.631120183077584
 -205    0    0        0.632266783421571
 -204    0    0        0.633404725338123
 -203    0    0        0.634534218839027
 -202    0    0        0.635655471700079
 -201    0    0        0.636768688864926
 -200    0    0        0.637874071851527
 -199    0    0        0.638971818162345
 -198    0    0        0.640062120699441
 -197    0    0        0.641145167185484
 -196    0    0        0.642221139591602
 -195    0    0        0.643290213572970
 -194    0    0        0.644352557912765
 -193    0    0        0.645408333975201
 -192    0    0        0.646457695168040
 -191    0    0        0.647500786415111
 -190    0    0        0.648537743639068
 -189    0    0        0.649568693254595
 -188    0    0        0.650593751672277
 -187    0    0        0.651613024813100
 -186    0    0        0.652626607633716
 -185    0    0        0.653634583662378
 -184    0    0        0.654637024545553
 -183    0    0        0.655633989605180
 -182    0    0        0.656625525406676
 -181    0    0        0.657611665337673
 -180    0    0        0.658592429197774
 -179    0    0        0.659567822799597
 -178    0    0        0.660537837581667
 -177    0    0        0.661502450233808
 -176    0    0        0.662461622336029
 -175    0    0        0.663415300012192
 -174    0    0        0.664363413599955
 -173    0    0        0.665305877339103
 -172    0    0        0.666242589080537
 -171    0    0        0.667173430018855
 -170    0    0        0.668098264451890
 -169    0    0        0.669016939571110
 -168    0    0        0.669929285287374
 -167    0    0        0.670835114097114
 -166    0    0        0.671734220994759
 -165    0    0        0.672626383437583
 -164    0    0        0.673511361370088
 -163    0    0        0.674388897315452
 -162    0    0        0.675258716542100
 -161    0    0        0.676120527314146
 -160    0    0        0.676974021234715
 -159    0    0        0.677818873691457
 -158    0    0        0.678654744413915
 -157    0    0        0.679481278152161
 -156    0    0        0.680298105486085
 -155    0    0        0.681104843774185
 -154    0    0        0.681901098250070
 -153    0    0        0.682686463273735
 -152    0    0        0.683460523743470
 -151    0    0        0.684222856672330
 -150    0    0        0.684973032931353
 -149    0    0        0.685710619158860
 -148    0    0        0.686435179832633
 -147    0    0        0.687146279498608
 -146    0    0        0.687843485146105
 -145    0    0        0.688526368716067
 -144    0    0        0.689194509724998
 -143    0    0        0.689847497983277
 -142    0    0        0.690484936382856
 -141    0    0        0.691106443725633
 -140    0    0        0.691711657560633
 -139    0    0        0.692300236995292
 -138    0    0        0.692871865443993
 -137    0    0        0.693426253275783
 -136    0    0        0.693963140322450
 -135    0    0        0.694482298208967
 -134    0    0        0.694983532469474
 -133    0    0        0.695466684414837
 -132    0    0        0.695931632721106
 -131    0    0        0.696378294712827
 -130    0    0        0.696806627320394
 -129    0    0        0.697216627696482
 -128    0    0        0.697608333483053
 -127    0    0        0.697981822726939
 -126    0    0        0.698337213448658
 -125    0    0        0.698674662875492
 -124    0    0        0.698994366355828
 -123    0    0        0.699296555977054
 -122    0    0        0.699581498914094
 -121    0    0        0.699849495538992
 -120    0    0        0.700100877325214
 -119    0    0        0.700336004581716
 -118    0    0        0.700555264052819
 -117    0    0        0.700759066419898
 -116    0    0        0.700947843739776
 -115    0    0        0.701122046853294
 -114    0    0        0.701282142795138
 -113    0    0        0.701428612233215
 -112    0    0        0.701561946963082
 -111    0    0        0.701682647479247
 -110    0    0        0.701791220642262
 -109    0    0        0.701888177456703
 -108    0    0        0.701974030972164
 -107    0    0        0.702049294316352
 -106    0    0        0.702114478866182
 -105    0    0        0.702170092560537
 -104    0    0        0.702216638355843
 -103    0    0        0.702254612823678
 -102    0    0        0.702284504887928
 -101    0    0        0.702306794697638
 -100    0    0        0.702321952630418
  -99    0    0        0.702330438420634
  -98    0    0        0.702332700405826
  -97    0    0        0.702329174884169
  -96    0    0        0.702320285576080
  -95    0    0        0.702306443182290
  -94    0    0        0.702288045031200
  -93    0    0        0.702265474808230
  -92    0    0        0.702239102360288
  -91    0    0        0.702209283568261
  -90    0    0        0.702176360281514
  -89    0    0        0.702140660307922
  -88    0    0        0.702102497453857
  -87    0    0        0.702062171608764
  -86    0    0        0.702019968869269
  -85    0    0        0.701976161698099
  -84    0    0        0.701931009113803
  -83    0    0        0.701884756907003
  -82    0    0        0.701837637879808
  -81    0    0        0.701789872104977
  -80    0    0        0.701741667201825
  -79    0    0        0.701693218626244
  -78    0    0        0.701644709972128
  -77    0    0        0.701596313282177
  -76    0    0        0.701548189365878
  -75    0    0        0.701500488122867
  -74    0    0        0.701453348870066
  -73    0    0        0.701406900670914
  -72    0    0        0.701361262665563
  -71    0    0        0.701316544400667
  -70    0    0        0.701272846157800
  -69    0    0        0.701230259279379
  -68    0    0        0.701188866491434
  -67    0    0        0.701148742222426
  -66    0    0        0.701109952917226
  -65    0    0        0.701072557346142
  -64    0    0        0.701036606908077
  -63    0    0        0.701002145927616
  -62    0    0        0.700969211945770
  -61    0    0        0.700937836004003
  -60    0    0        0.700908042921359
  -59    0    0        0.700879851564600
  -58    0    0        0.700853275111325
  -57    0    0        0.700828321305954
  -56    0    0        0.700804992708663
  -55    0    0        0.700783286937400
  -54    0    0        0.700763196903058
  -53    0    0        0.700744711037958
  -52    0    0        0.700727813518041
  -51    0    0        0.700712484478678
  -50    0    0        0.700698700224734
  -49    0    0        0.700686433435050
  -48    0    0        0.700675653361564
  -47    0    0        0.700666326023636
  -46    0    0        0.700658414397822
  -45    0    0        0.700651878603450
  -44    0    0        0.700646676084585
  -43    0    0        0.700642761788378
  -42    0    0        0.700640088340712
  -41    0    0        0.700638606219002
  -40    0    0        0.700638263922935
  -39    0    0        0.700639008143227
  -38    0    0        0.700640783928788
  -37    0    0        0.700643534852807
  -36    0    0        0.700647203177663
  -35    0    0        0.700651730019308
  -34    0    0        0.700657055511014
  -33    0    0        0.700663118966833
  -32    0    0        0.700669859044906
  -31    0    0        0.700677213910722
  -30    0    0        0.700685121400197
  -29    0    0        0.700693519182886
  -28    0    0        0.700702344925098
  -27    0    0        0.700711536452851
  -26    0    0        0.700721031914585
  -25    0    0        0.700730769943457
  -24    0    0        0.700740689819031
  -23    0    0        0.700750731628001
  -22    0    0        0.700760836423782
  -21    0    0        0.700770946384635
  -20    0    0        0.700781004969762
  -19    0    0        0.700790957073347
  -18    0    0        0.700800749175694
  -17    0    0        0.700810329491361
  -16    0    0        0.700819648113606
  -15    0    0        0.700828657154830
  -14    0    0        0.700837310882323
  -13    0    0        0.700845565849066
  -12    0    0        0.700853381018824
  -11    0    0        0.700860717885258
  -10    0    0        0.700867540584512
   -9    0    0        0.700873816000637
   -8    0    0        0.700879513863690
   -7    0    0        0.700884606839809
   -6    0    0        0.700889070613024
   -5    0    0        0.700892883958342
   -4    0    0        0.700896028805871
   -3    0    0        0.700898490295558
   -2    0    0        0.700900256822318
   -1    0    0        0.700901320071393
    0    0    0        0.700901675043777
    1    0    0        0.700901320071393
    2    0    0        0.700900256822318
    3    0    0        0.700898490295558
    4    0    0        0.700896028805871
    5    0    0        0.700892883958342
    6    0    0        0.700889070613024
    7    0    0        0.700884606839809
    8    0    0        0.700879513863690
    9    0    0        0.700873816000637
   10    0    0        0.700867540584512
   11    0    0        0.700860717885258
   12    0    0        0.700853381018824
   13    0    0        0.700845565849066
   14    0    0        0.700837310882323
   15    0    0        0.700828657154830
   16    0    0        0.700819648113606
   17    0    0        0.700810329491361
   18    0    0        0.700800749175694
   19    0    0        0.700790957073347
   20    0    0        0.700781004969762
   21    0    0        0.700770946384635
   22    0    0        0.700760836423782
   23    0    0        0.700750731628001
   24    0    0        0.700740689819031
   25    0    0        0.700730769943457
   26    0    0        0.700721031914585
   27    0    0        0.700711536452851
   28    0    0        0.700702344925098
   29    0    0        0.700693519182886
   30    0    0        0.700685121400197
   31    0    0        0.700677213910722
   32    0    0        0.700669859044906
   33    0    0        0.700663118966833
   34    0    0        0.700657055511014
   35    0    0        0.700651730019308
   36    0    0        0.700647203177663
   37    0    0        0.700643534852807
   38    0    0        0.700640783928788
   39    0    0        0.700639008143227
   40    0    0        0.700638263922935
   41    0    0        0.700638606219002
   42    0    0        0.700640088340712
   43    0    0        0.700642761788378
   44    0    0        0.700646676084585
   45    0    0        0.700651878603450
   46    0    0        0.700658414397822
   47    0    0        0.700666326023636
   48    0    0        0.700675653361564
   49    0    0        0.700686433435050
   50    0    0        0.700698700224734
   51    0    0        0.700712484478678
   52    0    0        0.700727813518041
   53    0    0        0.700744711037958
   54    0    0        0.700763196903058
   55    0    0        0.700783286937400
   56    0    0        0.700804992708663
   57    0    0        0.700828321305954
   58    0    0        0.700853275111325
   59    0    0        0.700879851564600
   60    0    0        0.700908042921359
   61    0    0        0.700937836004003
   62    0    0        0.700969211945770
   63    0    0        0.701002145927616
   64    0    0        0.701036606908077
   65    0    0        0.701072557346142
   66    0    0        0.701109952917226
   67    0    0        0.701148742222426
   68    0    0        0.701188866491434
   69    0    0        0.701230259279379
   70    0    0        0.701272846157800
   71    0    0        0.701316544400667
   72    0    0        0.701361262665563
   73    0    0        0.701406900670914
   74    0    0        0.701453348870066
   75    0    0        0.701500488122867
   76    0    0        0.701548189365878
   77    0    0        0.701596313282177
   78    0    0        0.701644709972128
   79    0    0        0.701693218626244
   80    0    0        0.701741667201825
   81    0    0        0.701789872104977
   82    0    0        0.701837637879808
   83    0    0        0.701884756907003
   84    0    0        0.701931009113803
   85    0    0        0.701976161698099
   86    0    0        0.702019968869269
   87    0    0        0.702062171608764
   88    0    0        0.702102497453857
   89    0    0        0.702140660307922
   90    0    0        0.702176360281514
   91    0    0        0.702209283568261
   92    0    0        0.702239102360288
   93    0    0        0.702265474808230
   94    0    0        0.702288045031200
   95    0    0        0.702306443182290
   96    0    0        0.702320285576080
   97    0    0        0.702329174884169
   98    0    0        0.702332700405826
   99    0    0        0.702330438420634
  100    0    0        0.702321952630418
  101    0    0        0.702306794697638
  102    0    0        0.702284504887928
  103    0    0        0.702254612823678
  104    0    0        0.702216638355843
  105    0    0        0.702170092560537
  106    0    0        0.702114478866182
  107    0    0        0.702049294316352
  108    0    0        0.701974030972164
  109    0    0        0.701888177456703
  110    0    0        0.701791220642262
  111    0    0        0.701682647479247
  112    0    0        0.701561946963082
  113    0    0        0.701428612233215
  114    0    0        0.701282142795138
  115    0    0        0.701122046853294
  116    0    0        0.700947843739776
  117    0    0        0.700759066419898
  118    0    0        0.700555264052819
  119    0    0        0.700336004581716
  120    0    0        0.700100877325214
  121    0    0        0.699849495538992
  122    0    0        0.699581498914094
  123    0    0        0.699296555977054
  124    0    0        0.698994366355828
  125    0    0        0.698674662875492
  126    0    0        0.698337213448658
  127    0    0        0.697981822726939
  128    0    0        0.697608333483053
  129    0    0        0.697216627696482
  130    0    0        0.696806627320394
  131    0    0        0.696378294712827
  132    0    0        0.695931632721106
  133    0    0        0.695466684414837
  134    0    0        0.694983532469474
  135    0    0        0.694482298208967
  136    0    0        0.693963140322450
  137    0    0        0.693426253275783
  138    0    0        0.692871865443993
  139    0    0        0.692300236995292
  140    0    0        0.691711657560633
  141    0    0        0.691106443725633
  142    0    0        0.690484936382856
  143    0    0        0.689847497983277
  144    0    0        0.689194509724998
  145    0    0        0.688526368716067
  146    0    0        0.687843485146105
  147    0    0        0.687146279498608
  148    0    0        0.686435179832633
  149    0    0        0.685710619158860
  150    0    0        0.684973032931353
  151    0    0        0.684222856672330
  152    0    0        0.683460523743470
  153    0    0        0.682686463273735
  154    0    0        0.681901098250070
  155    0    0        0.681104843774185
  156    0    0        0.680298105486085
  157    0    0        0.679481278152161
  158    0    0        0.678654744413915
  159    0    0        0.677818873691457
  160    0    0        0.676974021234715
  161    0    0        0.676120527314146
  162    0    0        0.675258716542100
  163    0    0        0.674388897315452
  164    0    0        0.673511361370088
  165    0    0        0.672626383437583
  166    0    0        0.671734220994759
  167    0    0        0.670835114097114
  168    0    0        0.669929285287374
  169    0    0        0.669016939571110
  170    0    0        0.668098264451890
  171    0    0        0.667173430018855
  172    0    0        0.666242589080537
  173    0    0        0.665305877339103
  174    0    0        0.664363413599955
  175    0    0        0.663415300012192
  176    0    0        0.662461622336029
  177    0    0        0.661502450233808
  178    0    0        0.660537837581667
  179    0    0        0.659567822799597
  180    0    0        0.658592429197774
  181    0    0        0.657611665337673
  182    0    0        0.656625525406676
  183    0    0        0.655633989605180
  184    0    0        0.654637024545553
  185    0    0        0.653634583662378
  186    0    0        0.652626607633716
  187    0    0        0.651613024813100
  188    0    0        0.650593751672277
  189    0    0        0.649568693254595
  190    0    0        0.648537743639068
  191    0    0        0.647500786415111
  192    0    0        0.646457695168040
  193    0    0        0.645408333975201
  194    0    0        0.644352557912765
  195    0    0        0.643290213572970
  196    0    0        0.642221139591602
  197    0    0        0.641145167185484
  198    0    0        0.640062120699441
  199    0    0        0.638971818162345
  200    0    0        0.637874071851527
  201    0    0        0.636768688864926
  202    0    0        0.635655471700079
  203    0    0        0.634534218839027
  204    0    0        0.633404725338123
  205    0    0        0.632266783421571
  206    0    0        0.631120183077584
  207    0    0        0.629964712655709
  208    0    0        0.628800159464075
  209    0    0        0.627626310365080
  210    0    0        0.626442952368158
  211    0    0        0.625249873217790
  212    0    0        0.624046861975720
  213    0    0        0.622833709595340
  214    0    0        0.621610209486929
  215    0    0        0.620376158072194
  216    0    0        0.619131355326420
  217    0    0        0.617875605306881
  218    0    0        0.616608716665955
  219    0    0        0.615330503147467
  220    0    0        0.614040784065054
  221    0    0        0.612739384761120
  222    0    0        0.611426137045169
  223    0    0        0.610100879610485
  224    0    0        0.608763458428032
  225    0    0        0.607413727116691
  226    0    0        0.606051547289054
  227    0    0        0.604676788871990
  228    0    0        0.603289330401501
  229    0    0        0.601889059291455
  230    0    0        0.600475872075839
  231    0    0        0.599049674624477
  232    0    0        0.597610382332217
  233    0    0        0.596157920281739
  234    0    0        0.594692223380425
  235    0    0        0.593213236471755
  236    0    0        0.591720914422041
  237    0    0        0.590215222183309
  238    0    0        0.588696134833518
  239    0    0        0.587163637595386
  240    0    0        0.585617725835444
  241    0    0        0.584058405044792
  242    0    0        0.582485690804007
  243    0    0        0.580899608733737
  244    0    0        0.579300194434115
  245    0    0        0.577687493415159
  246    0    0        0.576061561021382
  247    0    0        0.574422462353733
  248    0    0        0.572770272192553
  249    0    0        0.571105074925159
  250    0    0        0.569426964482516
  251    0    0        0.567736044289432
  252    0    0        0.566032427233253
  253    0    0        0.564316235656541
  254    0    0        0.562587601379865
  255    0    0        0.560846665760870
  256    0    0        0.559093579797372
  257    0    0        0.557328504282042
  258    0    0        0.555551610017860
  259    0    0        0.553763078104165
  260    0    0        0.551963100304659
  261    0    0        0.550151879509928
  262    0    0        0.548329630308896
  263    0    0        0.546496579685991
  264    0    0        0.544652967862795
  265    0    0        0.542799049306381
  266    0    0        0.540935093930267
  267    0    0        0.539061388517876
  268    0    0        0.537178238404439
  269    0    0        0.535285969459353
  270    0    0        0.533384930419630
  271    0    0        0.531475495634525
  272    0    0        0.529558068293996
  273    0    0        0.527633084229297
  274    0    0        0.525701016391949
  275    0    0        0.523762380142307
  276    0    0        0.521817739507329
  277    0    0        0.519867714605420
  278    0    0        0.517912990482839
  279    0    0        0.515954327665945
  280    0    0        0.513992574809536
  281    0    0        0.512028683918740
  282    0    0        0.510063728746158
  283    0    0        0.508098927125887
  284    0    0        0.506135668212050
  285    0    0        0.504175545855270
  286    0    0        0.502220399693054
  287    0    0        0.500272365971396
  288    0    0        0.498333940679105
  289    0    0        0.496408058292758
  290    0    0        0.494498190321375
  291    0    0        0.492608468918281
  292    0    0        0.490743842064453
  293    0    0        0.488910268104953
  294    0    0        0.487114958436728
  295    0    0        0.485366677241506
  296    0    0        0.483676105012087
  297    0    0        0.482056265792536
  298    0    0        0.480523002375053
  299    0    0        0.479095452878675
  300    0    0        0.477796428557891
  301    0    0        0.476652511982212
  302    0    0        0.475693597941606
  303    0    0        0.474951534668027
  304    0    0        0.474457592961041
  305    0    0        0.474238820866779
  306    0    0        0.474313942021620
  307    0    0        0.474690039847766
  308    0    0        0.475361312790724
  309    0    0        0.476310421019690
  310    0    0        0.477511813440378
  311    0    0        0.478935735182808
  312    0    0        0.480551729730192
  313    0    0        0.482331044591307
  314    0    0        0.484247917344399
  315    0    0        0.486280014371816
  316    0    0        0.488408347766738
  317    0    0        0.490616929615236
  318    0    0        0.492892331181423
  319    0    0        0.495223239582283
  320    0    0        0.497600055137881
  321    0    0        0.500014544173314
  322    0    0        0.502459547509729
  323    0    0        0.504928738440621
  324    0    0        0.507416421845275
  325    0    0        0.509917366021232
  326    0    0        0.512426659617439
  327    0    0        0.514939587116352
  328    0    0        0.517451517385489
  329    0    0        0.519957800803913
  330    0    0        0.522453671379132
  331    0    0        0.524934151171590
  332    0    0        0.527393955352537
  333    0    0        0.529827397485268
  334    0    0        0.532228296346718
  335    0    0        0.534589888023951
  336    0    0        0.536904750372255
  337    0    0        0.539164751368514
  338    0    0        0.541361038325338
  339    0    0        0.543484090692727
  340    0    0        0.545523863633136
  341    0    0        0.547470049788003
  342    0    0        0.549312478572014
  343    0    0        0.551041651962637
  344    0    0        0.552649382107033
  345    0    0        0.554129454907157
  346    0    0        0.555478209445297
  347    0    0        0.556694914699571
  348    0    0        0.557781855326622
  349    0    0        0.558744102618306
  350    0    0        0.559589021246577
  351    0    0        0.560325617006979
  352    0    0        0.560963847032276
  353    0    0        0.561513993832292
  354    0    0        0.561986164642935
  355    0    0        0.562389936709204
  356    0    0        0.562734139119996
  357    0    0        0.563026745800880
  358    0    0        0.563274849705436
  359    0    0        0.563484690682626
  360    0    0        0.563661715014466
  361    0    0        0.563810650657442
  362    0    0        0.563935587496133
  363    0    0        0.564040055993829
  364    0    0        0.564127100525970
  365    0    0        0.564199345616470
  366    0    0        0.564259054512172
  367    0    0        0.564308180245646
  368    0    0        0.564348409719311
  369    0    0        0.564381201520091
  370    0    0        0.564407818222317
  371    0    0        0.564429353916076
  372    0    0        0.564446757640033
  373    0    0        0.564460853324500
  374    0    0        0.564472356773579
  375    0    0        0.564481890141743
  376    0    0        0.564489994292716
  377    0    0        0.564497139369561
  378    0    0        0.564503733852929
  379    0    0        0.564510132340731
  380    0    0        0.564516642244903
  381    0    0        0.564523529569729
  382    0    0        0.564531023909567
  383    0    0        0.564539322782048
  384    0    0        0.564548595394140
  385    0    0        0.564558985923245
  386    0    0        0.564570616382626
  387    0    0        0.564583589129708
  388    0    0        0.564597989066834
  389    0    0        0.564613885576564
  390    0    0        0.564631334227359
  391    0    0        0.564650378280054
  392    0    0        0.564671050021254
  393    0    0        0.564693371945920
  394    0    0        0.564717357808299
  395    0    0        0.564743013557605
  396    0    0        0.564770338172704
  397    0    0        0.564799324407974
  398    0    0        0.564829959460988
  399    0    0        0.564862225571176
  400    0    0        0.564896100557487
  401    0    0        0.564931558301989
  402    0    0        0.564968569185472
  403    0    0        0.565007100480398
  404    0    0        0.565047116705815
  405    0    0        0.565088579948331
  406    0    0        0.565131450152761
  407    0    0        0.565175685385575
  408    0    0        0.565221242073979
  409    0    0        0.565268075223067
  410    0    0        0.565316138613273
  411    0    0        0.565365384980026
  412    0    0        0.565415766177367
  413    0    0        0.565467233327038
  414    0    0        0.565519736954445
  415    0    0        0.565573227112701
  416    0    0        0.565627653495854
  417    0    0        0.565682965542268
  418    0    0        0.565739112529075
  419    0    0        0.565796043658439
  420    0    0        0.565853708136404
  421    0    0        0.565912055244909
  422    0    0        0.565971034407611
  423    0    0        0.566030595249995
  424    0    0        0.566090687654269
  425    0    0        0.566151261809479
  426    0    0        0.566212268257209
  427    0    0        0.566273657933254
  428    0    0        0.566335382205589
  429    0    0        0.566397392908895
  430    0    0        0.566459642375940
  431    0    0        0.566522083466068
  432    0    0        0.566584669590994
  433    0    0        0.566647354738149
  434    0    0        0.566710093491718
  435    0    0        0.566772841051594
  436    0    0        0.566835553250375
  437    0    0        0.566898186568560
  438    0    0        0.566960698148085
  439    0    0        0.567023045804344
  440    0    0        0.567085188036738
  441    0    0        0.567147084037978
  442    0    0        0.567208693702121
  443    0    0        0.567269977631509
  444    0    0        0.567330897142682
  445    0    0        0.567391414271318
  446    0    0        0.567451491776300
  447    0    0        0.567511093142976
  448    0    0        0.567570182585672
  449    0    0        0.567628725049504
  450    0    0        0.567686686211586
  451    0    0        0.567744032481638
  452    0    0        0.567800731002075
  453    0    0        0.567856749647602
  454    0    0        0.567912057024385
  455    0    0        0.567966622468815
  456    0    0        0.568020416045910
  457    0    0        0.568073408547379
  458    0    0        0.568125571489425
  459    0    0        0.568176877110240
  460    0    0        0.568227298367311
  461    0    0        0.568276808934490
  462    0    0        0.568325383198902
  463    0    0        0.568372996257690
  464    0    0        0.568419623914626
  465    0    0        0.568465242676630
  466    0    0        0.568509829750161
  467    0    0        0.568553363037570
  468    0    0        0.568595821133397
  469    0    0        0.568637183320604
  470    0    0        0.568677429566824
  471    0    0        0.568716540520567
  472    0    0        0.568754497507461
  473    0    0        0.568791282526503
  474    0    0        0.568826878246343
  475    0    0        0.568861268001600
  476    0    0        0.568894435789275
  477    0    0        0.568926366265162
  478    0    0        0.568957044740407
  479    0    0        0.568986457178088
  480    0    0        0.569014590189920
  481    0    0        0.569041431033060
  482    0    0        0.569066967607006
  483    0    0        0.569091188450608
  484    0    0        0.569114082739210
  485    0    0        0.569135640281907
  486    0    0        0.569155851518942
  487    0    0        0.569174707519226
  488    0    0        0.569192199978006
  489    0    0        0.569208321214680
  490    0    0        0.569223064170743
  491    0    0        0.569236422407910
  492    0    0        0.569248390106368
  493    0    0        0.569258962063205
  494    0    0        0.569268133690987
  495    0    0        0.569275901016495
  496    0    0        0.569282260679635
  497    0    0        0.569287209932516
  498    0    0        0.569290746638678
  499    0    0        0.569292869272503
  500    0    0        0.569293576918791
