 -500    0    0        0.952537240969425
 -499    0    0        0.952541127424152
 -498    0    0        0.952552784913400
 -497    0    0        0.952572207827041
 -496    0    0        0.952599386863255
 -495    0    0        0.952634309100534
 -494    0    0        0.952676958096849
 -493    0    0        0.952727314014417
 -492    0    0        0.952785353768383
 -491    0    0        0.952851051197109
 -490    0    0        0.952924377251503
 -489    0    0        0.953005300201044
 -488    0    0        0.953093785853049
 -487    0    0        0.953189797783023
 -486    0    0        0.953293297572450
 -485    0    0        0.953404245051505
 -484    0    0        0.953522598543658
 -483    0    0        0.953648315109490
 -482    0    0        0.953781350787099
 -481    0    0        0.953921660826842
 -480    0    0        0.954069199918120
 -479    0    0        0.954223922406532
 -478    0    0        0.954385782499591
 -477    0    0        0.954554734459697
 -476    0    0        0.954730732783415
 -475    0    0        0.954913732366073
 -474    0    0        0.955103688651120
 -473    0    0        0.955300557764070
 -472    0    0        0.955504296630753
 -471    0    0        0.955714863079957
 -470    0    0        0.955932215930837
 -469    0    0        0.956156315065430
 -468    0    0        0.956387121486704
 -467    0    0        0.956624597363046
 -466    0    0        0.956868706059620
 -465    0    0        0.957119412157549
 -464    0    0        0.957376681461855
 -463    0    0        0.957640480998738
 -462    0    0        0.957910779003284
 -461    0    0        0.958187544898543
 -460    0    0        0.958470749266506
 -459    0    0        0.958760363812271
 -458    0    0        0.959056361321826
 -457    0    0        0.959358715614380
 -456    0    0        0.959667401490042
 -455    0    0        0.959982394673372
 -454    0    0        0.960303671753507
 -453    0    0        0.960631210121598
 -452    0    0        0.960964987905685
 -451    0    0        0.961304983903998
 -450    0    0        0.961651177516745
 -449    0    0        0.962003548676927
 -448    0    0        0.962362077780439
 -447    0    0        0.962726745615991
 -446    0    0        0.963097533294745
 -445    0    0        0.963474422180058
 -444    0    0        0.963857393817714
 -443    0    0        0.964246429866390
 -442    0    0        0.964641512028883
 -441    0    0        0.965042621983855
 -440    0    0        0.965449741318458
 -439    0    0        0.965862851461637
 -438    0    0        0.966281933618352
 -437    0    0        0.966706968704626
 -436    0    0        0.967137937283401
 -435    0    0        0.967574819501269
 -434    0    0        0.968017595026051
 -433    0    0        0.968466242985051
 -432    0    0        0.968920741904197
 -431    0    0        0.969381069647828
 -430    0    0        0.969847203359127
 -429    0    0        0.970319119401232
 -428    0    0        0.970796793298861
 -427    0    0        0.971280199680468
 -426    0    0        0.971769312220834
 -425    0    0        0.972264103584119
 -424    0    0        0.972764545367293
 -423    0    0        0.973270608043736
 -422    0    0        0.973782260907273
 -421    0    0        0.974299472016326
 -420    0    0        0.974822208138270
 -419    0    0        0.975350434693919
 -418    0    0        0.975884115702160
 -417    0    0        0.976423213724572
 -416    0    0        0.976967689810215
 -415    0    0        0.977517503440250
 -414    0    0        0.978072612472794
 -413    0    0        0.978632973087532
 -412    0    0        0.979198539730411
 -411    0    0        0.979769265058321
 -410    0    0        0.980345099883618
 -409    0    0        0.980925993118648
 -408    0    0        0.981511891720213
 -407    0    0        0.982102740633971
 -406    0    0        0.982698482738834
 -405    0    0        0.983299058791199
 -404    0    0        0.983904407369295
 -403    0    0        0.984514464817381
 -402    0    0        0.985129165190057
 -401    0    0        0.985748440196487
 -400    0    0        0.986372219144653
 -399    0    0        0.987000428885805
 -398    0    0        0.987632993758680
 -397    0    0        0.988269835534099
 -396    0    0        0.988910873359598
 -395    0    0        0.989556023703991
 -394    0    0        0.990205200302337
 -393    0    0        0.990858314100996
 -392    0    0        0.991515273202769
 -391    0    0        0.992175982812297
 -390    0    0        0.992840345181830
 -389    0    0        0.993508259556973
 -388    0    0        0.994179622122851
 -387    0    0        0.994854325950462
 -386    0    0        0.995532260943311
 -385    0    0        0.996213313784306
 -384    0    0        0.996897367882789
 -383    0    0        0.997584303321978
 -382    0    0        0.998273996806510
 -381    0    0        0.998966321610245
 -380    0    0        0.999661147524095
 -379    0    0        1.000358340804179
 -378    0    0        1.001057764119904
 -377    0    0        1.001759276502087
 -376    0    0        1.002462733290959
 -375    0    0        1.003167986084157
 -374    0    0        1.003874882684268
 -373    0    0        1.004583267046199
 -372    0    0        1.005292979223838
 -371    0    0        1.006003855316194
 -370    0    0        1.006715727412644
 -369    0    0        1.007428423537143
 -368    0    0        1.008141767591158
 -367    0    0        1.008855579295072
 -366    0    0        1.009569674127807
 -365    0    0        1.010283863264283
 -364    0    0        1.010997953510311
 -363    0    0        1.011711747234787
 -362    0    0        1.012425042298226
 -361    0    0        1.013137631977621
 -360    0    0        1.013849304886823
 -359    0    0        1.014559844891712
 -358    0    0        1.015269031019636
 -357    0    0        1.015976637362336
 -356    0    0        1.016682432971113
 -355    0    0        1.017386181743626
 -354    0    0        1.018087642301149
 -353    0    0        1.018786567854625
 -352    0    0        1.019482706058711
 -351    0    0        1.020175798851862
 -350    0    0        1.020865582280566
 -349    0    0        1.021551786306313
 -348    0    0        1.022234134592442
 -347    0    0        1.022912344268785
 -346    0    0        1.023586125671177
 -345    0    0        1.024255182052801
 -344    0    0        1.024919209263633
 -343    0    0        1.025577895394375
 -342    0    0        1.026230920380123
 -341    0    0        1.026877955558917
 -340    0    0        1.027518663179574
 -339    0    0        1.028152695852353
 -338    0    0        1.028779695935379
 -337    0    0        1.029399294848615
 -336    0    0        1.030011112306625
 -335    0    0        1.030614755459039
 -334    0    0        1.031209817928060
 -333    0    0        1.031795878728734
 -332    0    0        1.032372501057741
 -331    0    0        1.032939230933256
 -330    0    0        1.033495595666549
 -329    0    0        1.034041102143516
 -328    0    0        1.034575234890807
 -327    0    0        1.035097453898314
 -326    0    0        1.035607192165301
 -325    0    0        1.036103852933500
 -324    0    0        1.036586806564733
 -323    0    0        1.037055387015290
 -322    0    0        1.037508887852421
 -321    0    0        1.037946557750935
 -320    0    0        1.038367595399185
 -319    0    0        1.038771143734962
 -318    0    0        1.039156283420870
 -317    0    0        1.039522025458131
 -316    0    0        1.039867302825310
 -315    0    0        1.040190961016764
 -314    0    0        1.040491747342452
 -313    0    0        1.040768298840718
 -312    0    0        1.041019128645500
 -311    0    0        1.041242610645641
 -310    0    0        1.041436962275752
 -309    0    0        1.041600225292593
 -308    0    0        1.041730244421143
 -307    0    0        1.041824643811189
 -306    0    0        1.041880801336374
 -305    0    0        1.041895820910883
 -304    0    0        1.041866503207768
 -303    0    0        1.041789315464037
 -302    0    0        1.041660361473071
 -301    0    0        1.041475353421475
 -300    0    0        1.041229587947144
 -299    0    0        1.040917929686077
 -298    0    0        1.040534806616465
 -297    0    0        1.040074222629974
 -296    0    0        1.039529793814668
 -295    0    0        1.038894815668278
 -294    0    0        1.038162368502949
 -293    0    0        1.037325467176514
 -292    0    0        1.036377258486523
 -291    0    0        1.035311264737123
 -290    0    0        1.034121665153929
 -289    0    0        1.032803598660979
 -288    0    0        1.031353463525658
 -287    0    0        1.029769183658099
 -286    0    0        1.028050410151217
 -285    0    0        1.026198631422258
 -284    0    0        1.024217175923236
 -283    0    0        1.022111105788998
 -282    0    0        1.019887014600936
 -281    0    0        1.017552754143976
 -280    0    0        1.015117121213807
 -279    0    0        1.012589535641772
 -278    0    0        1.009979735877591
 -277    0    0        1.007297510832232
 -276    0    0        1.004552478414041
 -275    0    0        1.001753913938980
 -274    0    0        0.998910626209691
 -273    0    0        0.996030875712520
 -272    0    0        0.993122327802293
 -271    0    0        0.990192033455079
 -270    0    0        0.987246430702130
 -269    0    0        0.984291360815699
 -268    0    0        0.981332094407095
 -267    0    0        0.978373363671071
 -266    0    0        0.975419397945900
 -265    0    0        0.972473960543358
 -264    0    0        0.969540385428602
 -263    0    0        0.966621612801821
 -262    0    0        0.963720222993612
 -261    0    0        0.960838468337447
 -260    0    0        0.957978302869061
 -259    0    0        0.955141409820637
 -258    0    0        0.952329226959039
 -257    0    0        0.949542969872044
 -256    0    0        0.946783653327069
 -255    0    0        0.944052110846739
 -254    0    0        0.941349012645986
 -253    0    0        0.938674882073400
 -252    0    0        0.936030110692236
 -251    0    0        0.933414972124709
 -250    0    0        0.930829634779041
 -249    0    0        0.928274173559332
 -248    0    0        0.925748580655008
 -247    0    0        0.923252775493224
 -246    0    0        0.920786613927600
 -245    0    0        0.918349896730124
 -244    0    0        0.915942377444803
 -243    0    0        0.913563769652799
 -242    0    0        0.911213753695757
 -241    0    0        0.908891982895590
 -240    0    0        0.906598089306710
 -239    0    0        0.904331689029076
 -238    0    0        0.902092387113104
 -237    0    0        0.899879782074521
 -236    0    0        0.897693470046751
 -235    0    0        0.895533048583311
 -234    0    0        0.893398120132285
 -233    0    0        0.891288295194695
 -232    0    0        0.889203195182325
 -231    0    0        0.887142454987283
 -230    0    0        0.885105725274861
 -229    0    0        0.883092674511937
 -228    0    0        0.881102990740619
 -227    0    0        0.879136383108061
 -226    0    0        0.877192583162677
 -225    0    0        0.875271345926476
 -224    0    0        0.873372450754501
 -223    0    0        0.871495701990286
 -222    0    0        0.869640929429806
 -221    0    0        0.867807988601939
 -220    0    0        0.865996760879039
 -219    0    0        0.864207153427638
 -218    0    0        0.862439099010441
 -217    0    0        0.860692555653536
 -216    0    0        0.858967506189496
 -215    0    0        0.857263957689873
 -214    0    0        0.855581940801003
 -213    0    0        0.853921508995601
 -212    0    0        0.852282737754674
 -211    0    0        0.850665723694348
 -210    0    0        0.849070583651265
 -209    0    0        0.847497453742071
 -208    0    0        0.845946488412438
 -207    0    0        0.844417859488365
 -206    0    0        0.842911755249418
 -205    0    0        0.841428379534833
 -204    0    0        0.839967950901269
 -203    0    0        0.838530701846157
 -202    0    0        0.837116878113909
 -201    0    0        0.835726738098914
 -200    0    0        0.834360552363526
 -199    0    0        0.833018603285499
 -198    0    0        0.831701184852517
 -197    0    0        0.830408602619680
 -196    0    0        0.829141173847667
 -195    0    0        0.827899227839128
 -194    0    0        0.826683106491228
 -193    0    0        0.825493165084170
 -192    0    0        0.824329773325420
 -191    0    0        0.823193316670279
 -190    0    0        0.822084197943465
 -189    0    0        0.821002839283189
 -188    0    0        0.819949684436098
 -187    0    0        0.818925201429003
 -186    0    0        0.817929885648656
 -185    0    0        0.816964263359244
 -184    0    0        0.816028895692017
 -183    0    0        0.815124383139375
 -182    0    0        0.814251370588653
 -181    0    0        0.813410552925962
 -180    0    0        0.812602681238988
 -179    0    0        0.811828569638643
 -178    0    0        0.811089102707591
 -177    0    0        0.810385243563675
 -176    0    0        0.809718042497990
 -175    0    0        0.809088646105272
 -174    0    0        0.808498306766785
 -173    0    0        0.807948392265996
 -172    0    0        0.807440395212922
 -171    0    0        0.806975941814530
 -170    0    0        0.806556799358443
 -169    0    0        0.806184881564916
 -168    0    0        0.805862250720028
 -167    0    0        0.805591115235776
 -166    0    0        0.805373821021263
 -165    0    0        0.805212834831150
 -164    0    0        0.805110717656326
 -163    0    0        0.805070086320802
 -162    0    0        0.805093561857902
 -161    0    0        0.805183704064126
 -160    0    0        0.805342932931700
 -159    0    0        0.805573439431817
 -158    0    0        0.805877090196823
 -157    0    0        0.806255332717322
 -156    0    0        0.806709109259534
 -155    0    0        0.807238788305414
 -154    0    0        0.807844121519902
 -153    0    0        0.808524231949506
 -152    0    0        0.809277635648703
 -151    0    0        0.810102294888316
 -150    0    0        0.810995697376779
 -149    0    0        0.811954953284832
 -148    0    0        0.812976900747804
 -147    0    0        0.814058210933149
 -146    0    0        0.815195485355825
 -145    0    0        0.816385340361851
 -144    0    0        0.817624476042343
 -143    0    0        0.818909728887286
 -142    0    0        0.820238109021819
 -141    0    0        0.821606823841285
 -140    0    0        0.823013290336290
 -139    0    0        0.824455138497341
 -138    0    0        0.825930208036568
 -137    0    0        0.827436540375562
 -136    0    0        0.828972367504688
 -135    0    0        0.830536098977624
 -134    0    0        0.832126307995103
 -133    0    0        0.833741717269770
 -132    0    0        0.835381185150760
 -131    0    0        0.837043692322241
 -130    0    0        0.838728329264913
 -129    0    0        0.840434284578528
 -128    0    0        0.842160834198946
 -127    0    0        0.843907331499617
 -126    0    0        0.845673198238000
 -125    0    0        0.847457916290263
 -124    0    0        0.849261020107545
 -123    0    0        0.851082089823149
 -122    0    0        0.852920744939349
 -121    0    0        0.854776638524254
 -120    0    0        0.856649451853055
 -119    0    0        0.858538889431434
 -118    0    0        0.860444674343949
 -117    0    0        0.862366543874648
 -116    0    0        0.864304245351523
 -115    0    0        0.866257532170812
 -114    0    0        0.868226159961072
 -113    0    0        0.870209882850501
 -112    0    0        0.872208449804695
 -111    0    0        0.874221601004536
 -110    0    0        0.876249064237652
 -109    0    0        0.878290551278836
 -108    0    0        0.880345754237830
 -107    0    0        0.882414341855673
 -106    0    0        0.884495955732853
 -105    0    0        0.886590206475724
 -104    0    0        0.888696669750342
 -103    0    0        0.890814882236054
 -102    0    0        0.892944337474707
 -101    0    0        0.895084481615467
 -100    0    0        0.897234709059529
  -99    0    0        0.899394358014760
  -98    0    0        0.901562705975883
  -97    0    0        0.903738965153295
  -96    0    0        0.905922277881408
  -95    0    0        0.908111712046976
  -94    0    0        0.910306256588088
  -93    0    0        0.912504817126601
  -92    0    0        0.914706211809996
  -91    0    0        0.916909167452977
  -90    0    0        0.919112316084989
  -89    0    0        0.921314192025860
  -88    0    0        0.923513229629428
  -87    0    0        0.925707761850747
  -86    0    0        0.927896019809144
  -85    0    0        0.930076133531935
  -84    0    0        0.932246134074558
  -83    0    0        0.934403957217040
  -82    0    0        0.936547448934875
  -81    0    0        0.938674372831536
  -80    0    0        0.940782419696957
  -79    0    0        0.942869219322015
  -78    0    0        0.944932354648295
  -77    0    0        0.946969378268393
  -76    0    0        0.948977831210909
  -75    0    0        0.950955263850946
  -74    0    0        0.952899258681411
  -73    0    0        0.954807454571023
  -72    0    0        0.956677572023928
  -71    0    0        0.958507438855255
  -70    0    0        0.960295015612520
  -69    0    0        0.962038420015478
  -68    0    0        0.963735949662853
  -67    0    0        0.965386102271482
  -66    0    0        0.966987592771771
  -65    0    0        0.968539366685216
  -64    0    0        0.970040609346837
  -63    0    0        0.971490750702293
  -62    0    0        0.972889465591433
  -61    0    0        0.974236669615747
  -60    0    0        0.975532510863126
  -59    0    0        0.976777357914742
  -58    0    0        0.977971784681271
  -57    0    0        0.979116552696357
  -56    0    0        0.980212591539200
  -55    0    0        0.981260978060363
  -54    0    0        0.982262915055529
  -53    0    0        0.983219709972833
  -52    0    0        0.984132754162420
  -51    0    0        0.985003503086618
  -50    0    0        0.985833457815757
  -49    0    0        0.986624148042245
  -48    0    0        0.987377116760461
  -47    0    0        0.988093906684336
  -46    0    0        0.988776048411153
  -45    0    0        0.989425050288732
  -44    0    0        0.990042389904622
  -43    0    0        0.990629507087640
  -42    0    0        0.991187798295391
  -41    0    0        0.991718612250124
  -40    0    0        0.992223246684060
  -39    0    0        0.992702946056611
  -38    0    0        0.993158900111893
  -37    0    0        0.993592243153761
  -36    0    0        0.994004053925325
  -35    0    0        0.994395355990990
  -34    0    0        0.994767118529737
  -33    0    0        0.995120257459617
  -32    0    0        0.995455636823355
  -31    0    0        0.995774070374417
  -30    0    0        0.996076323311930
  -29    0    0        0.996363114120207
  -28    0    0        0.996635116475952
  -27    0    0        0.996892961191648
  -26    0    0        0.997137238169975
  -25    0    0        0.997368498347442
  -24    0    0        0.997587255610128
  -23    0    0        0.997793988667527
  -22    0    0        0.997989142873249
  -21    0    0        0.998173131983799
  -20    0    0        0.998346339848577
  -19    0    0        0.998509122025974
  -18    0    0        0.998661807321933
  -17    0    0        0.998804699248161
  -16    0    0        0.998938077398631
  -15    0    0        0.999062198743303
  -14    0    0        0.999177298839021
  -13    0    0        0.999283592957833
  -12    0    0        0.999381277133340
  -11    0    0        0.999470529126258
  -10    0    0        0.999551509310237
   -9    0    0        0.999624361479579
   -8    0    0        0.999689213579961
   -7    0    0        0.999746178364090
   -6    0    0        0.999795353973375
   -5    0    0        0.999836824447444
   -4    0    0        0.999870660162684
   -3    0    0        0.999896918200999
   -2    0    0        0.999915642649967
   -1    0    0        0.999926864835287
    0    0    0        0.999930603486351
    1    0    0        0.999926864835287
    2    0    0        0.999915642649967
    3    0    0        0.999896918200999
    4    0    0        0.999870660162684
    5    0    0        0.999836824447444
    6    0    0        0.999795353973375
    7    0    0        0.999746178364090
    8    0    0        0.999689213579961
    9    0    0        0.999624361479579
   10    0    0        0.999551509310237
   11    0    0        0.999470529126258
   12    0    0        0.999381277133340
   13    0    0        0.999283592957833
   14    0    0        0.999177298839021
   15    0    0        0.999062198743303
   16    0    0        0.998938077398631
   17    0    0        0.998804699248161
   18    0    0        0.998661807321933
   19    0    0        0.998509122025974
   20    0    0        0.998346339848577
   21    0    0        0.998173131983799
   22    0    0        0.997989142873249
   23    0    0        0.997793988667527
   24    0    0        0.997587255610128
   25    0    0        0.997368498347442
   26    0    0        0.997137238169975
   27    0    0        0.996892961191648
   28    0    0        0.996635116475952
   29    0    0        0.996363114120207
   30    0    0        0.996076323311930
   31    0    0        0.995774070374417
   32    0    0        0.995455636823355
   33    0    0        0.995120257459617
   34    0    0        0.994767118529737
   35    0    0        0.994395355990990
   36    0    0        0.994004053925325
   37    0    0        0.993592243153761
   38    0    0        0.993158900111893
   39    0    0        0.992702946056611
   40    0    0        0.992223246684060
   41    0    0        0.991718612250124
   42    0    0        0.991187798295391
   43    0    0        0.990629507087640
   44    0    0        0.990042389904622
   45    0    0        0.989425050288732
   46    0    0        0.988776048411153
   47    0    0        0.988093906684336
   48    0    0        0.987377116760461
   49    0    0        0.986624148042245
   50    0    0        0.985833457815757
   51    0    0        0.985003503086618
   52    0    0        0.984132754162420
   53    0    0        0.983219709972833
   54    0    0        0.982262915055529
   55    0    0        0.981260978060363
   56    0    0        0.980212591539200
   57    0    0        0.979116552696357
   58    0    0        0.977971784681271
   59    0    0        0.976777357914742
   60    0    0        0.975532510863126
   61    0    0        0.974236669615747
   62    0    0        0.972889465591433
   63    0    0        0.971490750702293
   64    0    0        0.970040609346837
   65    0    0        0.968539366685216
   66    0    0        0.966987592771771
   67    0    0        0.965386102271482
   68    0    0        0.963735949662853
   69    0    0        0.962038420015478
   70    0    0        0.960295015612520
   71    0    0        0.958507438855255
   72    0    0        0.956677572023928
   73    0    0        0.954807454571023
   74    0    0        0.952899258681411
   75    0    0        0.950955263850946
   76    0    0        0.948977831210909
   77    0    0        0.946969378268393
   78    0    0        0.944932354648295
   79    0    0        0.942869219322015
   80    0    0        0.940782419696957
   81    0    0        0.938674372831536
   82    0    0        0.936547448934875
   83    0    0        0.934403957217040
   84    0    0        0.932246134074558
   85    0    0        0.930076133531935
   86    0    0        0.927896019809144
   87    0    0        0.925707761850747
   88    0    0        0.923513229629428
   89    0    0        0.921314192025860
   90    0    0        0.919112316084989
   91    0    0        0.916909167452977
   92    0    0        0.914706211809996
   93    0    0        0.912504817126601
   94    0    0        0.910306256588088
   95    0    0        0.908111712046976
   96    0    0        0.905922277881408
   97    0    0        0.903738965153295
   98    0    0        0.901562705975883
   99    0    0        0.899394358014760
  100    0    0        0.897234709059529
  101    0    0        0.895084481615467
  102    0    0        0.892944337474707
  103    0    0        0.890814882236054
  104    0    0        0.888696669750342
  105    0    0        0.886590206475724
  106    0    0        0.884495955732853
  107    0    0        0.882414341855673
  108    0    0        0.880345754237830
  109    0    0        0.878290551278836
  110    0    0        0.876249064237652
  111    0    0        0.874221601004536
  112    0    0        0.872208449804695
  113    0    0        0.870209882850501
  114    0    0        0.868226159961072
  115    0    0        0.866257532170812
  116    0    0        0.864304245351523
  117    0    0        0.862366543874648
  118    0    0        0.860444674343949
  119    0    0        0.858538889431434
  120    0    0        0.856649451853055
  121    0    0        0.854776638524254
  122    0    0        0.852920744939349
  123    0    0        0.851082089823149
  124    0    0        0.849261020107545
  125    0    0        0.847457916290263
  126    0    0        0.845673198238000
  127    0    0        0.843907331499617
  128    0    0        0.842160834198946
  129    0    0        0.840434284578528
  130    0    0        0.838728329264913
  131    0    0        0.837043692322241
  132    0    0        0.835381185150760
  133    0    0        0.833741717269770
  134    0    0        0.832126307995103
  135    0    0        0.830536098977624
  136    0    0        0.828972367504688
  137    0    0        0.827436540375562
  138    0    0        0.825930208036568
  139    0    0        0.824455138497341
  140    0    0        0.823013290336290
  141    0    0        0.821606823841285
  142    0    0        0.820238109021819
  143    0    0        0.818909728887286
  144    0    0        0.817624476042343
  145    0    0        0.816385340361851
  146    0    0        0.815195485355825
  147    0    0        0.814058210933149
  148    0    0        0.812976900747804
  149    0    0        0.811954953284832
  150    0    0        0.810995697376779
  151    0    0        0.810102294888316
  152    0    0        0.809277635648703
  153    0    0        0.808524231949506
  154    0    0        0.807844121519902
  155    0    0        0.807238788305414
  156    0    0        0.806709109259534
  157    0    0        0.806255332717322
  158    0    0        0.805877090196823
  159    0    0        0.805573439431817
  160    0    0        0.805342932931700
  161    0    0        0.805183704064126
  162    0    0        0.805093561857902
  163    0    0        0.805070086320802
  164    0    0        0.805110717656326
  165    0    0        0.805212834831150
  166    0    0        0.805373821021263
  167    0    0        0.805591115235776
  168    0    0        0.805862250720028
  169    0    0        0.806184881564916
  170    0    0        0.806556799358443
  171    0    0        0.806975941814530
  172    0    0        0.807440395212922
  173    0    0        0.807948392265996
  174    0    0        0.808498306766785
  175    0    0        0.809088646105272
  176    0    0        0.809718042497990
  177    0    0        0.810385243563675
  178    0    0        0.811089102707591
  179    0    0        0.811828569638643
  180    0    0        0.812602681238988
  181    0    0        0.813410552925962
  182    0    0        0.814251370588653
  183    0    0        0.815124383139375
  184    0    0        0.816028895692017
  185    0    0        0.816964263359244
  186    0    0        0.817929885648656
  187    0    0        0.818925201429003
  188    0    0        0.819949684436098
  189    0    0        0.821002839283189
  190    0    0        0.822084197943465
  191    0    0        0.823193316670279
  192    0    0        0.824329773325420
  193    0    0        0.825493165084170
  194    0    0        0.826683106491228
  195    0    0        0.827899227839128
  196    0    0        0.829141173847667
  197    0    0        0.830408602619680
  198    0    0        0.831701184852517
  199    0    0        0.833018603285499
  200    0    0        0.834360552363526
  201    0    0        0.835726738098914
  202    0    0        0.837116878113909
  203    0    0        0.838530701846157
  204    0    0        0.839967950901269
  205    0    0        0.841428379534833
  206    0    0        0.842911755249418
  207    0    0        0.844417859488365
  208    0    0        0.845946488412438
  209    0    0        0.847497453742071
  210    0    0        0.849070583651265
  211    0    0        0.850665723694348
  212    0    0        0.852282737754674
  213    0    0        0.853921508995601
  214    0    0        0.855581940801003
  215    0    0        0.857263957689873
  216    0    0        0.858967506189496
  217    0    0        0.860692555653536
  218    0    0        0.862439099010441
  219    0    0        0.864207153427638
  220    0    0        0.865996760879039
  221    0    0        0.867807988601939
  222    0    0        0.869640929429806
  223    0    0        0.871495701990286
  224    0    0        0.873372450754501
  225    0    0        0.875271345926476
  226    0    0        0.877192583162677
  227    0    0        0.879136383108061
  228    0    0        0.881102990740619
  229    0    0        0.883092674511937
  230    0    0        0.885105725274861
  231    0    0        0.887142454987283
  232    0    0        0.889203195182325
  233    0    0        0.891288295194695
  234    0    0        0.893398120132285
  235    0    0        0.895533048583311
  236    0    0        0.897693470046751
  237    0    0        0.899879782074521
  238    0    0        0.902092387113104
  239    0    0        0.904331689029076
  240    0    0        0.906598089306710
  241    0    0        0.908891982895590
  242    0    0        0.911213753695757
  243    0    0        0.913563769652799
  244    0    0        0.915942377444803
  245    0    0        0.918349896730124
  246    0    0        0.920786613927600
  247    0    0        0.923252775493224
  248    0    0        0.925748580655008
  249    0    0        0.928274173559332
  250    0    0        0.930829634779041
  251    0    0        0.933414972124709
  252    0    0        0.936030110692236
  253    0    0        0.938674882073400
  254    0    0        0.941349012645986
  255    0    0        0.944052110846739
  256    0    0        0.946783653327069
  257    0    0        0.949542969872044
  258    0    0        0.952329226959039
  259    0    0        0.955141409820637
  260    0    0        0.957978302869061
  261    0    0        0.960838468337447
  262    0    0        0.963720222993612
  263    0    0        0.966621612801821
  264    0    0        0.969540385428602
  265    0    0        0.972473960543358
  266    0    0        0.975419397945900
  267    0    0        0.978373363671071
  268    0    0        0.981332094407095
  269    0    0        0.984291360815699
  270    0    0        0.987246430702130
  271    0    0        0.990192033455079
  272    0    0        0.993122327802293
  273    0    0        0.996030875712520
  274    0    0        0.998910626209691
  275    0    0        1.001753913938980
  276    0    0        1.004552478414041
  277    0    0        1.007297510832232
  278    0    0        1.009979735877591
  279    0    0        1.012589535641772
  280    0    0        1.015117121213807
  281    0    0        1.017552754143976
  282    0    0        1.019887014600936
  283    0    0        1.022111105788998
  284    0    0        1.024217175923236
  285    0    0        1.026198631422258
  286    0    0        1.028050410151217
  287    0    0        1.029769183658099
  288    0    0        1.031353463525658
  289    0    0        1.032803598660979
  290    0    0        1.034121665153929
  291    0    0        1.035311264737123
  292    0    0        1.036377258486523
  293    0    0        1.037325467176514
  294    0    0        1.038162368502949
  295    0    0        1.038894815668278
  296    0    0        1.039529793814668
  297    0    0        1.040074222629974
  298    0    0        1.040534806616465
  299    0    0        1.040917929686077
  300    0    0        1.041229587947144
  301    0    0        1.041475353421475
  302    0    0        1.041660361473071
  303    0    0        1.041789315464037
  304    0    0        1.041866503207768
  305    0    0        1.041895820910883
  306    0    0        1.041880801336374
  307    0    0        1.041824643811189
  308    0    0        1.041730244421143
  309    0    0        1.041600225292593
  310    0    0        1.041436962275752
  311    0    0        1.041242610645641
  312    0    0        1.041019128645500
  313    0    0        1.040768298840718
  314    0    0        1.040491747342452
  315    0    0        1.040190961016764
  316    0    0        1.039867302825310
  317    0    0        1.039522025458131
  318    0    0        1.039156283420870
  319    0    0        1.038771143734962
  320    0    0        1.038367595399185
  321    0    0        1.037946557750935
  322    0    0        1.037508887852421
  323    0    0        1.037055387015290
  324    0    0        1.036586806564733
  325    0    0        1.036103852933500
  326    0    0        1.035607192165301
  327    0    0        1.035097453898314
  328    0    0        1.034575234890807
  329    0    0        1.034041102143516
  330    0    0        1.033495595666549
  331    0    0        1.032939230933256
  332    0    0        1.032372501057741
  333    0    0        1.031795878728734
  334    0    0        1.031209817928060
  335    0    0        1.030614755459039
  336    0    0        1.030011112306625
  337    0    0        1.029399294848615
  338    0    0        1.028779695935379
  339    0    0        1.028152695852353
  340    0    0        1.027518663179574
  341    0    0        1.026877955558917
  342    0    0        1.026230920380123
  343    0    0        1.025577895394375
  344    0    0        1.024919209263633
  345    0    0        1.024255182052801
  346    0    0        1.023586125671177
  347    0    0        1.022912344268785
  348    0    0        1.022234134592442
  349    0    0        1.021551786306313
  350    0    0        1.020865582280566
  351    0    0        1.020175798851862
  352    0    0        1.019482706058711
  353    0    0        1.018786567854625
  354    0    0        1.018087642301149
  355    0    0        1.017386181743626
  356    0    0        1.016682432971113
  357    0    0        1.015976637362336
  358    0    0        1.015269031019636
  359    0    0        1.014559844891712
  360    0    0        1.013849304886823
  361    0    0        1.013137631977621
  362    0    0        1.012425042298226
  363    0    0        1.011711747234787
  364    0    0        1.010997953510311
  365    0    0        1.010283863264283
  366    0    0        1.009569674127807
  367    0    0        1.008855579295072
  368    0    0        1.008141767591158
  369    0    0        1.007428423537143
  370    0    0        1.006715727412644
  371    0    0        1.006003855316194
  372    0    0        1.005292979223838
  373    0    0        1.004583267046199
  374    0    0        1.003874882684268
  375    0    0        1.003167986084157
  376    0    0        1.002462733290959
  377    0    0        1.001759276502087
  378    0    0        1.001057764119904
  379    0    0        1.000358340804179
  380    0    0        0.999661147524095
  381    0    0        0.998966321610245
  382    0    0        0.998273996806510
  383    0    0        0.997584303321978
  384    0    0        0.996897367882789
  385    0    0        0.996213313784306
  386    0    0        0.995532260943311
  387    0    0        0.994854325950462
  388    0    0        0.994179622122851
  389    0    0        0.993508259556973
  390    0    0        0.992840345181830
  391    0    0        0.992175982812297
  392    0    0        0.991515273202769
  393    0    0        0.990858314100996
  394    0    0        0.990205200302337
  395    0    0        0.989556023703991
  396    0    0        0.988910873359598
  397    0    0        0.988269835534099
  398    0    0        0.987632993758680
  399    0    0        0.987000428885805
  400    0    0        0.986372219144653
  401    0    0        0.985748440196487
  402    0    0        0.985129165190057
  403    0    0        0.984514464817381
  404    0    0        0.983904407369295
  405    0    0        0.983299058791199
  406    0    0        0.982698482738834
  407    0    0        0.982102740633971
  408    0    0        0.981511891720213
  409    0    0        0.980925993118648
  410    0    0        0.980345099883618
  411    0    0        0.979769265058321
  412    0    0        0.979198539730411
  413    0    0        0.978632973087532
  414    0    0        0.978072612472794
  415    0    0        0.977517503440250
  416    0    0        0.976967689810215
  417    0    0        0.976423213724572
  418    0    0        0.975884115702160
  419    0    0        0.975350434693919
  420    0    0        0.974822208138270
  421    0    0        0.974299472016326
  422    0    0        0.973782260907273
  423    0    0        0.973270608043736
  424    0    0        0.972764545367293
  425    0    0        0.972264103584119
  426    0    0        0.971769312220834
  427    0    0        0.971280199680468
  428    0    0        0.970796793298861
  429    0    0        0.970319119401232
  430    0    0        0.969847203359127
  431    0    0        0.969381069647828
  432    0    0        0.968920741904197
  433    0    0        0.968466242985051
  434    0    0        0.968017595026051
  435    0    0        0.967574819501269
  436    0    0        0.967137937283401
  437    0    0        0.966706968704626
  438    0    0        0.966281933618352
  439    0    0        0.965862851461637
  440    0    0        0.965449741318458
  441    0    0        0.965042621983855
  442    0    0        0.964641512028883
  443    0    0        0.964246429866390
  444    0    0        0.963857393817714
  445    0    0        0.963474422180058
  446    0    0        0.963097533294745
  447    0    0        0.962726745615991
  448    0    0        0.962362077780439
  449    0    0        0.962003548676927
  450    0    0        0.961651177516745
  451    0    0        0.961304983903998
  452    0    0        0.960964987905685
  453    0    0        0.960631210121598
  454    0    0        0.960303671753507
  455    0    0        0.959982394673372
  456    0    0        0.959667401490042
  457    0    0        0.959358715614380
  458    0    0        0.959056361321826
  459    0    0        0.958760363812271
  460    0    0        0.958470749266506
  461    0    0        0.958187544898543
  462    0    0        0.957910779003284
  463    0    0        0.957640480998738
  464    0    0        0.957376681461855
  465    0    0        0.957119412157549
  466    0    0        0.956868706059620
  467    0    0        0.956624597363046
  468    0    0        0.956387121486704
  469    0    0        0.956156315065430
  470    0    0        0.955932215930837
  471    0    0        0.955714863079957
  472    0    0        0.955504296630753
  473    0    0        0.955300557764070
  474    0    0        0.955103688651120
  475    0    0        0.954913732366073
  476    0    0        0.954730732783415
  477    0    0        0.954554734459697
  478    0    0        0.954385782499591
  479    0    0        0.954223922406532
  480    0    0        0.954069199918120
  481    0    0        0.953921660826842
  482    0    0        0.953781350787099
  483    0    0        0.953648315109490
  484    0    0        0.953522598543658
  485    0    0        0.953404245051505
  486    0    0        0.953293297572450
  487    0    0        0.953189797783023
  488    0    0        0.953093785853049
  489    0    0        0.953005300201044
  490    0    0        0.952924377251503
  491    0    0        0.952851051197109
  492    0    0        0.952785353768383
  493    0    0        0.952727314014417
  494    0    0        0.952676958096849
  495    0    0        0.952634309100534
  496    0    0        0.952599386863255
  497    0    0        0.952572207827041
  498    0    0        0.952552784913400
  499    0    0        0.952541127424152
  500    0    0        0.952537240969425
