 -500    0    0       -0.394882594804305
 -499    0    0       -0.394890417297774
 -498    0    0       -0.394913879994450
 -497    0    0       -0.394952968543829
 -496    0    0       -0.395007659030629
 -495    0    0       -0.395077917978032
 -494    0    0       -0.395163702351905
 -493    0    0       -0.395264959565764
 -492    0    0       -0.395381627486145
 -491    0    0       -0.395513634437861
 -490    0    0       -0.395660899208745
 -489    0    0       -0.395823331053140
 -488    0    0       -0.396000829693527
 -487    0    0       -0.396193285319486
 -486    0    0       -0.396400578583073
 -485    0    0       -0.396622580589663
 -484    0    0       -0.396859152883180
 -483    0    0       -0.397110147424470
 -482    0    0       -0.397375406561579
 -481    0    0       -0.397654762990443
 -480    0    0       -0.397948039704485
 -479    0    0       -0.398255049931355
 -478    0    0       -0.398575597055046
 -477    0    0       -0.398909474521340
 -476    0    0       -0.399256465724406
 -475    0    0       -0.399616343872234
 -474    0    0       -0.399988871828318
 -473    0    0       -0.400373801926875
 -472    0    0       -0.400770875758555
 -471    0    0       -0.401179823923496
 -470    0    0       -0.401600365748140
 -469    0    0       -0.402032208962148
 -468    0    0       -0.402475049331255
 -467    0    0       -0.402928570241801
 -466    0    0       -0.403392442232143
 -465    0    0       -0.403866322465989
 -464    0    0       -0.404349854142260
 -463    0    0       -0.404842665835761
 -462    0    0       -0.405344370762649
 -461    0    0       -0.405854565964309
 -460    0    0       -0.406372831403083
 -459    0    0       -0.406898728963014
 -458    0    0       -0.407431801348734
 -457    0    0       -0.407971570875659
 -456    0    0       -0.408517538144820
 -455    0    0       -0.409069180596352
 -454    0    0       -0.409625950936236
 -453    0    0       -0.410187275432432
 -452    0    0       -0.410752552078284
 -451    0    0       -0.411321148623661
 -450    0    0       -0.411892400477951
 -449    0    0       -0.412465608493531
 -448    0    0       -0.413040036644518
 -447    0    0       -0.413614909623263
 -446    0    0       -0.414189410386830
 -445    0    0       -0.414762677697652
 -444    0    0       -0.415333803717256
 -443    0    0       -0.415901831729389
 -442    0    0       -0.416465754089340
 -441    0    0       -0.417024510519635
 -440    0    0       -0.417576986898222
 -439    0    0       -0.418122014713024
 -438    0    0       -0.418658371384692
 -437    0    0       -0.419184781685942
 -436    0    0       -0.419699920507188
 -435    0    0       -0.420202417231098
 -434    0    0       -0.420690861977497
 -433    0    0       -0.421163813959458
 -432    0    0       -0.421619812145256
 -431    0    0       -0.422057388343829
 -430    0    0       -0.422475082719755
 -429    0    0       -0.422871461597638
 -428    0    0       -0.423245137239291
 -427    0    0       -0.423594789081398
 -426    0    0       -0.423919185723654
 -425    0    0       -0.424217206780576
 -424    0    0       -0.424487863581515
 -423    0    0       -0.424730317647295
 -422    0    0       -0.424943895909301
 -421    0    0       -0.425128101775011
 -420    0    0       -0.425282621377562
 -419    0    0       -0.425407324654028
 -418    0    0       -0.425502261242866
 -417    0    0       -0.425567651535382
 -416    0    0       -0.425603873517042
 -415    0    0       -0.425611446261207
 -414    0    0       -0.425591011069912
 -413    0    0       -0.425543311290388
 -412    0    0       -0.425469171782033
 -411    0    0       -0.425369478885884
 -410    0    0       -0.425245161582732
 -409    0    0       -0.425097174341160
 -408    0    0       -0.424926481974715
 -407    0    0       -0.424734046663551
 -406    0    0       -0.424520817159752
 -405    0    0       -0.424287720091436
 -404    0    0       -0.424035653207409
 -403    0    0       -0.423765480359448
 -402    0    0       -0.423478027997271
 -401    0    0       -0.423174082947251
 -400    0    0       -0.422854391254717
 -399    0    0       -0.422519657886588
 -398    0    0       -0.422170547112720
 -397    0    0       -0.421807683408130
 -396    0    0       -0.421431652741629
 -395    0    0       -0.421043004139118
 -394    0    0       -0.420642251430015
 -393    0    0       -0.420229875103398
 -392    0    0       -0.419806324216006
 -391    0    0       -0.419372018307370
 -390    0    0       -0.418927349288392
 -389    0    0       -0.418472683278541
 -388    0    0       -0.418008362374115
 -387    0    0       -0.417534706335805
 -386    0    0       -0.417052014188168
 -385    0    0       -0.416560565727383
 -384    0    0       -0.416060622935957
 -383    0    0       -0.415552431305288
 -382    0    0       -0.415036221068363
 -381    0    0       -0.414512208345857
 -380    0    0       -0.413980596209510
 -379    0    0       -0.413441575667215
 -378    0    0       -0.412895326574389
 -377    0    0       -0.412342018476295
 -376    0    0       -0.411781811385906
 -375    0    0       -0.411214856501899
 -374    0    0       -0.410641296871055
 -373    0    0       -0.410061267999275
 -372    0    0       -0.409474898415098
 -371    0    0       -0.408882310189482
 -370    0    0       -0.408283619415154
 -369    0    0       -0.407678936648933
 -368    0    0       -0.407068367319839
 -367    0    0       -0.406452012105820
 -366    0    0       -0.405829967281704
 -365    0    0       -0.405202325040568
 -364    0    0       -0.404569173790818
 -363    0    0       -0.403930598430894
 -362    0    0       -0.403286680603440
 -361    0    0       -0.402637498930607
 -360    0    0       -0.401983129232008
 -359    0    0       -0.401323644726741
 -358    0    0       -0.400659116220703
 -357    0    0       -0.399989612280508
 -356    0    0       -0.399315199394904
 -355    0    0       -0.398635942124803
 -354    0    0       -0.397951903242799
 -353    0    0       -0.397263143862938
 -352    0    0       -0.396569723561585
 -351    0    0       -0.395871700490016
 -350    0    0       -0.395169131479385
 -349    0    0       -0.394462072138681
 -348    0    0       -0.393750576946152
 -347    0    0       -0.393034699334730
 -346    0    0       -0.392314491771883
 -345    0    0       -0.391590005834336
 -344    0    0       -0.390861292277995
 -343    0    0       -0.390128401103468
 -342    0    0       -0.389391381617474
 -341    0    0       -0.388650282490454
 -340    0    0       -0.387905151810641
 -339    0    0       -0.387156037134863
 -338    0    0       -0.386402985536278
 -337    0    0       -0.385646043649288
 -336    0    0       -0.384885257711803
 -335    0    0       -0.384120673605057
 -334    0    0       -0.383352336891131
 -333    0    0       -0.382580292848336
 -332    0    0       -0.381804586504623
 -331    0    0       -0.381025262669143
 -330    0    0       -0.380242365962034
 -329    0    0       -0.379455940842642
 -328    0    0       -0.378666031636203
 -327    0    0       -0.377872682559121
 -326    0    0       -0.377075937742914
 -325    0    0       -0.376275841256937
 -324    0    0       -0.375472437129936
 -323    0    0       -0.374665769370526
 -322    0    0       -0.373855881986633
 -321    0    0       -0.373042819003984
 -320    0    0       -0.372226624483726
 -319    0    0       -0.371407342539148
 -318    0    0       -0.370585017351649
 -317    0    0       -0.369759693185941
 -316    0    0       -0.368931414404541
 -315    0    0       -0.368100225481593
 -314    0    0       -0.367266171016070
 -313    0    0       -0.366429295744355
 -312    0    0       -0.365589644552267
 -311    0    0       -0.364747262486548
 -310    0    0       -0.363902194765826
 -309    0    0       -0.363054486791078
 -308    0    0       -0.362204184155653
 -307    0    0       -0.361351332654809
 -306    0    0       -0.360495978294843
 -305    0    0       -0.359638167301778
 -304    0    0       -0.358777946129694
 -303    0    0       -0.357915361468611
 -302    0    0       -0.357050460252046
 -301    0    0       -0.356183289664181
 -300    0    0       -0.355313897146689
 -299    0    0       -0.354442330405191
 -298    0    0       -0.353568637415410
 -297    0    0       -0.352692866428966
 -296    0    0       -0.351815065978858
 -295    0    0       -0.350935284884633
 -294    0    0       -0.350053572257234
 -293    0    0       -0.349169977503540
 -292    0    0       -0.348284550330619
 -291    0    0       -0.347397340749658
 -290    0    0       -0.346508399079620
 -289    0    0       -0.345617775950598
 -288    0    0       -0.344725522306881
 -287    0    0       -0.343831689409742
 -286    0    0       -0.342936328839948
 -285    0    0       -0.342039492499972
 -284    0    0       -0.341141232615961
 -283    0    0       -0.340241601739401
 -282    0    0       -0.339340652748537
 -281    0    0       -0.338438438849522
 -280    0    0       -0.337535013577302
 -279    0    0       -0.336630430796230
 -278    0    0       -0.335724744700449
 -277    0    0       -0.334818009814014
 -276    0    0       -0.333910280990744
 -275    0    0       -0.333001613413870
 -274    0    0       -0.332092062595396
 -273    0    0       -0.331181684375241
 -272    0    0       -0.330270534920166
 -271    0    0       -0.329358670722409
 -270    0    0       -0.328446148598158
 -269    0    0       -0.327533025685736
 -268    0    0       -0.326619359443580
 -267    0    0       -0.325705207648021
 -266    0    0       -0.324790628390766
 -265    0    0       -0.323875680076244
 -264    0    0       -0.322960421418657
 -263    0    0       -0.322044911438834
 -262    0    0       -0.321129209460860
 -261    0    0       -0.320213375108460
 -260    0    0       -0.319297468301178
 -259    0    0       -0.318381549250292
 -258    0    0       -0.317465678454510
 -257    0    0       -0.316549916695416
 -256    0    0       -0.315634325032686
 -255    0    0       -0.314718964799017
 -254    0    0       -0.313803897594840
 -253    0    0       -0.312889185282740
 -252    0    0       -0.311974889981602
 -251    0    0       -0.311061074060517
 -250    0    0       -0.310147800132338
 -249    0    0       -0.309235131047001
 -248    0    0       -0.308323129884512
 -247    0    0       -0.307411859947621
 -246    0    0       -0.306501384754191
 -245    0    0       -0.305591768029226
 -244    0    0       -0.304683073696571
 -243    0    0       -0.303775365870248
 -242    0    0       -0.302868708845461
 -241    0    0       -0.301963167089216
 -240    0    0       -0.301058805230588
 -239    0    0       -0.300155688050611
 -238    0    0       -0.299253880471761
 -237    0    0       -0.298353447547072
 -236    0    0       -0.297454454448853
 -235    0    0       -0.296556966456999
 -234    0    0       -0.295661048946890
 -233    0    0       -0.294766767376906
 -232    0    0       -0.293874187275506
 -231    0    0       -0.292983374227916
 -230    0    0       -0.292094393862387
 -229    0    0       -0.291207311836063
 -228    0    0       -0.290322193820416
 -227    0    0       -0.289439105486291
 -226    0    0       -0.288558112488533
 -225    0    0       -0.287679280450240
 -224    0    0       -0.286802674946582
 -223    0    0       -0.285928361488270
 -222    0    0       -0.285056405504617
 -221    0    0       -0.284186872326256
 -220    0    0       -0.283319827167465
 -219    0    0       -0.282455335108162
 -218    0    0       -0.281593461075554
 -217    0    0       -0.280734269825455
 -216    0    0       -0.279877825923290
 -215    0    0       -0.279024193724813
 -214    0    0       -0.278173437356509
 -213    0    0       -0.277325620695752
 -212    0    0       -0.276480807350710
 -211    0    0       -0.275639060639994
 -210    0    0       -0.274800443572110
 -209    0    0       -0.273965018824688
 -208    0    0       -0.273132848723573
 -207    0    0       -0.272303995221691
 -206    0    0       -0.271478519877838
 -205    0    0       -0.270656483835306
 -204    0    0       -0.269837947800440
 -203    0    0       -0.269022972021080
 -202    0    0       -0.268211616265002
 -201    0    0       -0.267403939798260
 -200    0    0       -0.266600001363576
 -199    0    0       -0.265799859158696
 -198    0    0       -0.265003570814812
 -197    0    0       -0.264211193375024
 -196    0    0       -0.263422783272868
 -195    0    0       -0.262638396310980
 -194    0    0       -0.261858087639843
 -193    0    0       -0.261081911736715
 -192    0    0       -0.260309922384699
 -191    0    0       -0.259542172652014
 -190    0    0       -0.258778714871480
 -189    0    0       -0.258019600620227
 -188    0    0       -0.257264880699668
 -187    0    0       -0.256514605115735
 -186    0    0       -0.255768823059424
 -185    0    0       -0.255027582887638
 -184    0    0       -0.254290932104385
 -183    0    0       -0.253558917342303
 -182    0    0       -0.252831584344586
 -181    0    0       -0.252108977947276
 -180    0    0       -0.251391142061979
 -179    0    0       -0.250678119658992
 -178    0    0       -0.249969952750886
 -177    0    0       -0.249266682376520
 -176    0    0       -0.248568348585568
 -175    0    0       -0.247874990423483
 -174    0    0       -0.247186645917008
 -173    0    0       -0.246503352060165
 -172    0    0       -0.245825144800799
 -171    0    0       -0.245152059027649
 -170    0    0       -0.244484128557958
 -169    0    0       -0.243821386125675
 -168    0    0       -0.243163863370218
 -167    0    0       -0.242511590825797
 -166    0    0       -0.241864597911373
 -165    0    0       -0.241222912921185
 -164    0    0       -0.240586563015905
 -163    0    0       -0.239955574214403
 -162    0    0       -0.239329971386138
 -161    0    0       -0.238709778244182
 -160    0    0       -0.238095017338879
 -159    0    0       -0.237485710052149
 -158    0    0       -0.236881876592439
 -157    0    0       -0.236283535990301
 -156    0    0       -0.235690706094680
 -155    0    0       -0.235103403569790
 -154    0    0       -0.234521643892689
 -153    0    0       -0.233945441351506
 -152    0    0       -0.233374809044314
 -151    0    0       -0.232809758878670
 -150    0    0       -0.232250301571829
 -149    0    0       -0.231696446651563
 -148    0    0       -0.231148202457696
 -147    0    0       -0.230605576144237
 -146    0    0       -0.230068573682191
 -145    0    0       -0.229537199862984
 -144    0    0       -0.229011458302560
 -143    0    0       -0.228491351446055
 -142    0    0       -0.227976880573146
 -141    0    0       -0.227468045803987
 -140    0    0       -0.226964846105727
 -139    0    0       -0.226467279299703
 -138    0    0       -0.225975342069118
 -137    0    0       -0.225489029967411
 -136    0    0       -0.225008337427056
 -135    0    0       -0.224533257769085
 -134    0    0       -0.224063783213001
 -133    0    0       -0.223599904887320
 -132    0    0       -0.223141612840595
 -131    0    0       -0.222688896052960
 -130    0    0       -0.222241742448170
 -129    0    0       -0.221800138906101
 -128    0    0       -0.221364071275756
 -127    0    0       -0.220933524388676
 -126    0    0       -0.220508482072837
 -125    0    0       -0.220088927166938
 -124    0    0       -0.219674841535110
 -123    0    0       -0.219266206082018
 -122    0    0       -0.218863000768356
 -121    0    0       -0.218465204626681
 -120    0    0       -0.218072795777622
 -119    0    0       -0.217685751446419
 -118    0    0       -0.217304047979768
 -117    0    0       -0.216927660863000
 -116    0    0       -0.216556564737524
 -115    0    0       -0.216190733418572
 -114    0    0       -0.215830139913190
 -113    0    0       -0.215474756438491
 -112    0    0       -0.215124554440136
 -111    0    0       -0.214779504611055
 -110    0    0       -0.214439576910338
 -109    0    0       -0.214104740582384
 -108    0    0       -0.213774964176174
 -107    0    0       -0.213450215564747
 -106    0    0       -0.213130461964850
 -105    0    0       -0.212815669956692
 -104    0    0       -0.212505805503865
 -103    0    0       -0.212200833973402
 -102    0    0       -0.211900720155912
 -101    0    0       -0.211605428285848
 -100    0    0       -0.211314922061854
  -99    0    0       -0.211029164667209
  -98    0    0       -0.210748118790323
  -97    0    0       -0.210471746645320
  -96    0    0       -0.210200009992657
  -95    0    0       -0.209932870159800
  -94    0    0       -0.209670288061931
  -93    0    0       -0.209412224222681
  -92    0    0       -0.209158638794886
  -91    0    0       -0.208909491581358
  -90    0    0       -0.208664742055643
  -89    0    0       -0.208424349382795
  -88    0    0       -0.208188272440121
  -87    0    0       -0.207956469837918
  -86    0    0       -0.207728899940168
  -85    0    0       -0.207505520885218
  -84    0    0       -0.207286290606380
  -83    0    0       -0.207071166852552
  -82    0    0       -0.206860107208702
  -81    0    0       -0.206653069116339
  -80    0    0       -0.206450009893916
  -79    0    0       -0.206250886757122
  -78    0    0       -0.206055656839132
  -77    0    0       -0.205864277210751
  -76    0    0       -0.205676704900450
  -75    0    0       -0.205492896914336
  -74    0    0       -0.205312810255991
  -73    0    0       -0.205136401946184
  -72    0    0       -0.204963629042523
  -71    0    0       -0.204794448658924
  -70    0    0       -0.204628817984978
  -69    0    0       -0.204466694305184
  -68    0    0       -0.204308035018045
  -67    0    0       -0.204152797655017
  -66    0    0       -0.204000939899297
  -65    0    0       -0.203852419604493
  -64    0    0       -0.203707194813090
  -63    0    0       -0.203565223774796
  -62    0    0       -0.203426464964696
  -61    0    0       -0.203290877101232
  -60    0    0       -0.203158419164048
  -59    0    0       -0.203029050411589
  -58    0    0       -0.202902730398589
  -57    0    0       -0.202779418993317
  -56    0    0       -0.202659076394674
  -55    0    0       -0.202541663149056
  -54    0    0       -0.202427140167075
  -53    0    0       -0.202315468740015
  -52    0    0       -0.202206610556147
  -51    0    0       -0.202100527716791
  -50    0    0       -0.201997182752197
  -49    0    0       -0.201896538637209
  -48    0    0       -0.201798558806700
  -47    0    0       -0.201703207170807
  -46    0    0       -0.201610448129935
  -45    0    0       -0.201520246589556
  -44    0    0       -0.201432567974741
  -43    0    0       -0.201347378244519
  -42    0    0       -0.201264643905955
  -41    0    0       -0.201184332028026
  -40    0    0       -0.201106410255245
  -39    0    0       -0.201030846821047
  -38    0    0       -0.200957610560936
  -37    0    0       -0.200886670925387
  -36    0    0       -0.200817997992486
  -35    0    0       -0.200751562480335
  -34    0    0       -0.200687335759191
  -33    0    0       -0.200625289863354
  -32    0    0       -0.200565397502767
  -31    0    0       -0.200507632074402
  -30    0    0       -0.200451967673317
  -29    0    0       -0.200398379103469
  -28    0    0       -0.200346841888264
  -27    0    0       -0.200297332280782
  -26    0    0       -0.200249827273757
  -25    0    0       -0.200204304609250
  -24    0    0       -0.200160742788007
  -23    0    0       -0.200119121078569
  -22    0    0       -0.200079419526018
  -21    0    0       -0.200041618960453
  -20    0    0       -0.200005701005138
  -19    0    0       -0.199971648084339
  -18    0    0       -0.199939443430829
  -17    0    0       -0.199909071093070
  -16    0    0       -0.199880515942057
  -15    0    0       -0.199853763677836
  -14    0    0       -0.199828800835656
  -13    0    0       -0.199805614791810
  -12    0    0       -0.199784193769085
  -11    0    0       -0.199764526841888
  -10    0    0       -0.199746603940992
   -9    0    0       -0.199730415857914
   -8    0    0       -0.199715954248961
   -7    0    0       -0.199703211638857
   -6    0    0       -0.199692181424030
   -5    0    0       -0.199682857875492
   -4    0    0       -0.199675236141368
   -3    0    0       -0.199669312249033
   -2    0    0       -0.199665083106847
   -1    0    0       -0.199662546505524
    0    0    0       -0.199661701119101
    1    0    0       -0.199662546505524
    2    0    0       -0.199665083106847
    3    0    0       -0.199669312249033
    4    0    0       -0.199675236141368
    5    0    0       -0.199682857875492
    6    0    0       -0.199692181424030
    7    0    0       -0.199703211638857
    8    0    0       -0.199715954248961
    9    0    0       -0.199730415857914
   10    0    0       -0.199746603940992
   11    0    0       -0.199764526841888
   12    0    0       -0.199784193769085
   13    0    0       -0.199805614791810
   14    0    0       -0.199828800835656
   15    0    0       -0.199853763677836
   16    0    0       -0.199880515942057
   17    0    0       -0.199909071093070
   18    0    0       -0.199939443430829
   19    0    0       -0.199971648084339
   20    0    0       -0.200005701005138
   21    0    0       -0.200041618960453
   22    0    0       -0.200079419526018
   23    0    0       -0.200119121078569
   24    0    0       -0.200160742788007
   25    0    0       -0.200204304609250
   26    0    0       -0.200249827273757
   27    0    0       -0.200297332280782
   28    0    0       -0.200346841888264
   29    0    0       -0.200398379103469
   30    0    0       -0.200451967673317
   31    0    0       -0.200507632074402
   32    0    0       -0.200565397502767
   33    0    0       -0.200625289863354
   34    0    0       -0.200687335759191
   35    0    0       -0.200751562480335
   36    0    0       -0.200817997992486
   37    0    0       -0.200886670925387
   38    0    0       -0.200957610560936
   39    0    0       -0.201030846821047
   40    0    0       -0.201106410255245
   41    0    0       -0.201184332028026
   42    0    0       -0.201264643905955
   43    0    0       -0.201347378244519
   44    0    0       -0.201432567974741
   45    0    0       -0.201520246589556
   46    0    0       -0.201610448129935
   47    0    0       -0.201703207170807
   48    0    0       -0.201798558806700
   49    0    0       -0.201896538637209
   50    0    0       -0.201997182752197
   51    0    0       -0.202100527716791
   52    0    0       -0.202206610556147
   53    0    0       -0.202315468740015
   54    0    0       -0.202427140167075
   55    0    0       -0.202541663149056
   56    0    0       -0.202659076394674
   57    0    0       -0.202779418993317
   58    0    0       -0.202902730398589
   59    0    0       -0.203029050411589
   60    0    0       -0.203158419164048
   61    0    0       -0.203290877101232
   62    0    0       -0.203426464964696
   63    0    0       -0.203565223774796
   64    0    0       -0.203707194813090
   65    0    0       -0.203852419604493
   66    0    0       -0.204000939899297
   67    0    0       -0.204152797655017
   68    0    0       -0.204308035018045
   69    0    0       -0.204466694305184
   70    0    0       -0.204628817984978
   71    0    0       -0.204794448658924
   72    0    0       -0.204963629042523
   73    0    0       -0.205136401946184
   74    0    0       -0.205312810255991
   75    0    0       -0.205492896914336
   76    0    0       -0.205676704900450
   77    0    0       -0.205864277210751
   78    0    0       -0.206055656839132
   79    0    0       -0.206250886757122
   80    0    0       -0.206450009893916
   81    0    0       -0.206653069116339
   82    0    0       -0.206860107208702
   83    0    0       -0.207071166852552
   84    0    0       -0.207286290606380
   85    0    0       -0.207505520885218
   86    0    0       -0.207728899940168
   87    0    0       -0.207956469837918
   88    0    0       -0.208188272440121
   89    0    0       -0.208424349382795
   90    0    0       -0.208664742055643
   91    0    0       -0.208909491581358
   92    0    0       -0.209158638794886
   93    0    0       -0.209412224222681
   94    0    0       -0.209670288061931
   95    0    0       -0.209932870159800
   96    0    0       -0.210200009992657
   97    0    0       -0.210471746645320
   98    0    0       -0.210748118790323
   99    0    0       -0.211029164667209
  100    0    0       -0.211314922061854
  101    0    0       -0.211605428285848
  102    0    0       -0.211900720155912
  103    0    0       -0.212200833973402
  104    0    0       -0.212505805503865
  105    0    0       -0.212815669956692
  106    0    0       -0.213130461964850
  107    0    0       -0.213450215564747
  108    0    0       -0.213774964176174
  109    0    0       -0.214104740582384
  110    0    0       -0.214439576910338
  111    0    0       -0.214779504611055
  112    0    0       -0.215124554440136
  113    0    0       -0.215474756438491
  114    0    0       -0.215830139913190
  115    0    0       -0.216190733418572
  116    0    0       -0.216556564737524
  117    0    0       -0.216927660863000
  118    0    0       -0.217304047979768
  119    0    0       -0.217685751446419
  120    0    0       -0.218072795777622
  121    0    0       -0.218465204626681
  122    0    0       -0.218863000768356
  123    0    0       -0.219266206082018
  124    0    0       -0.219674841535110
  125    0    0       -0.220088927166938
  126    0    0       -0.220508482072837
  127    0    0       -0.220933524388676
  128    0    0       -0.221364071275756
  129    0    0       -0.221800138906101
  130    0    0       -0.222241742448170
  131    0    0       -0.222688896052960
  132    0    0       -0.223141612840595
  133    0    0       -0.223599904887320
  134    0    0       -0.224063783213001
  135    0    0       -0.224533257769085
  136    0    0       -0.225008337427056
  137    0    0       -0.225489029967411
  138    0    0       -0.225975342069118
  139    0    0       -0.226467279299703
  140    0    0       -0.226964846105727
  141    0    0       -0.227468045803987
  142    0    0       -0.227976880573146
  143    0    0       -0.228491351446055
  144    0    0       -0.229011458302560
  145    0    0       -0.229537199862984
  146    0    0       -0.230068573682191
  147    0    0       -0.230605576144237
  148    0    0       -0.231148202457696
  149    0    0       -0.231696446651563
  150    0    0       -0.232250301571829
  151    0    0       -0.232809758878670
  152    0    0       -0.233374809044314
  153    0    0       -0.233945441351506
  154    0    0       -0.234521643892689
  155    0    0       -0.235103403569790
  156    0    0       -0.235690706094680
  157    0    0       -0.236283535990301
  158    0    0       -0.236881876592439
  159    0    0       -0.237485710052149
  160    0    0       -0.238095017338879
  161    0    0       -0.238709778244182
  162    0    0       -0.239329971386138
  163    0    0       -0.239955574214403
  164    0    0       -0.240586563015905
  165    0    0       -0.241222912921185
  166    0    0       -0.241864597911373
  167    0    0       -0.242511590825797
  168    0    0       -0.243163863370218
  169    0    0       -0.243821386125675
  170    0    0       -0.244484128557958
  171    0    0       -0.245152059027649
  172    0    0       -0.245825144800799
  173    0    0       -0.246503352060165
  174    0    0       -0.247186645917008
  175    0    0       -0.247874990423483
  176    0    0       -0.248568348585568
  177    0    0       -0.249266682376520
  178    0    0       -0.249969952750886
  179    0    0       -0.250678119658992
  180    0    0       -0.251391142061979
  181    0    0       -0.252108977947276
  182    0    0       -0.252831584344586
  183    0    0       -0.253558917342303
  184    0    0       -0.254290932104385
  185    0    0       -0.255027582887638
  186    0    0       -0.255768823059424
  187    0    0       -0.256514605115735
  188    0    0       -0.257264880699668
  189    0    0       -0.258019600620227
  190    0    0       -0.258778714871480
  191    0    0       -0.259542172652014
  192    0    0       -0.260309922384699
  193    0    0       -0.261081911736715
  194    0    0       -0.261858087639843
  195    0    0       -0.262638396310980
  196    0    0       -0.263422783272868
  197    0    0       -0.264211193375024
  198    0    0       -0.265003570814812
  199    0    0       -0.265799859158696
  200    0    0       -0.266600001363576
  201    0    0       -0.267403939798260
  202    0    0       -0.268211616265002
  203    0    0       -0.269022972021080
  204    0    0       -0.269837947800440
  205    0    0       -0.270656483835306
  206    0    0       -0.271478519877838
  207    0    0       -0.272303995221691
  208    0    0       -0.273132848723573
  209    0    0       -0.273965018824688
  210    0    0       -0.274800443572110
  211    0    0       -0.275639060639994
  212    0    0       -0.276480807350710
  213    0    0       -0.277325620695752
  214    0    0       -0.278173437356509
  215    0    0       -0.279024193724813
  216    0    0       -0.279877825923290
  217    0    0       -0.280734269825455
  218    0    0       -0.281593461075554
  219    0    0       -0.282455335108162
  220    0    0       -0.283319827167465
  221    0    0       -0.284186872326256
  222    0    0       -0.285056405504617
  223    0    0       -0.285928361488270
  224    0    0       -0.286802674946582
  225    0    0       -0.287679280450240
  226    0    0       -0.288558112488533
  227    0    0       -0.289439105486291
  228    0    0       -0.290322193820416
  229    0    0       -0.291207311836063
  230    0    0       -0.292094393862387
  231    0    0       -0.292983374227916
  232    0    0       -0.293874187275506
  233    0    0       -0.294766767376906
  234    0    0       -0.295661048946890
  235    0    0       -0.296556966456999
  236    0    0       -0.297454454448853
  237    0    0       -0.298353447547072
  238    0    0       -0.299253880471761
  239    0    0       -0.300155688050611
  240    0    0       -0.301058805230588
  241    0    0       -0.301963167089216
  242    0    0       -0.302868708845461
  243    0    0       -0.303775365870248
  244    0    0       -0.304683073696571
  245    0    0       -0.305591768029226
  246    0    0       -0.306501384754191
  247    0    0       -0.307411859947621
  248    0    0       -0.308323129884512
  249    0    0       -0.309235131047001
  250    0    0       -0.310147800132338
  251    0    0       -0.311061074060517
  252    0    0       -0.311974889981602
  253    0    0       -0.312889185282740
  254    0    0       -0.313803897594840
  255    0    0       -0.314718964799017
  256    0    0       -0.315634325032686
  257    0    0       -0.316549916695416
  258    0    0       -0.317465678454510
  259    0    0       -0.318381549250292
  260    0    0       -0.319297468301178
  261    0    0       -0.320213375108460
  262    0    0       -0.321129209460860
  263    0    0       -0.322044911438834
  264    0    0       -0.322960421418657
  265    0    0       -0.323875680076244
  266    0    0       -0.324790628390766
  267    0    0       -0.325705207648021
  268    0    0       -0.326619359443580
  269    0    0       -0.327533025685736
  270    0    0       -0.328446148598158
  271    0    0       -0.329358670722409
  272    0    0       -0.330270534920166
  273    0    0       -0.331181684375241
  274    0    0       -0.332092062595396
  275    0    0       -0.333001613413870
  276    0    0       -0.333910280990744
  277    0    0       -0.334818009814014
  278    0    0       -0.335724744700449
  279    0    0       -0.336630430796230
  280    0    0       -0.337535013577302
  281    0    0       -0.338438438849522
  282    0    0       -0.339340652748537
  283    0    0       -0.340241601739401
  284    0    0       -0.341141232615961
  285    0    0       -0.342039492499972
  286    0    0       -0.342936328839948
  287    0    0       -0.343831689409742
  288    0    0       -0.344725522306881
  289    0    0       -0.345617775950598
  290    0    0       -0.346508399079620
  291    0    0       -0.347397340749658
  292    0    0       -0.348284550330619
  293    0    0       -0.349169977503540
  294    0    0       -0.350053572257234
  295    0    0       -0.350935284884633
  296    0    0       -0.351815065978858
  297    0    0       -0.352692866428966
  298    0    0       -0.353568637415410
  299    0    0       -0.354442330405191
  300    0    0       -0.355313897146689
  301    0    0       -0.356183289664181
  302    0    0       -0.357050460252046
  303    0    0       -0.357915361468611
  304    0    0       -0.358777946129694
  305    0    0       -0.359638167301778
  306    0    0       -0.360495978294843
  307    0    0       -0.361351332654809
  308    0    0       -0.362204184155653
  309    0    0       -0.363054486791078
  310    0    0       -0.363902194765826
  311    0    0       -0.364747262486548
  312    0    0       -0.365589644552267
  313    0    0       -0.366429295744355
  314    0    0       -0.367266171016070
  315    0    0       -0.368100225481593
  316    0    0       -0.368931414404541
  317    0    0       -0.369759693185941
  318    0    0       -0.370585017351649
  319    0    0       -0.371407342539148
  320    0    0       -0.372226624483726
  321    0    0       -0.373042819003984
  322    0    0       -0.373855881986633
  323    0    0       -0.374665769370526
  324    0    0       -0.375472437129936
  325    0    0       -0.376275841256937
  326    0    0       -0.377075937742914
  327    0    0       -0.377872682559121
  328    0    0       -0.378666031636203
  329    0    0       -0.379455940842642
  330    0    0       -0.380242365962034
  331    0    0       -0.381025262669143
  332    0    0       -0.381804586504623
  333    0    0       -0.382580292848336
  334    0    0       -0.383352336891131
  335    0    0       -0.384120673605057
  336    0    0       -0.384885257711803
  337    0    0       -0.385646043649288
  338    0    0       -0.386402985536278
  339    0    0       -0.387156037134863
  340    0    0       -0.387905151810641
  341    0    0       -0.388650282490454
  342    0    0       -0.389391381617474
  343    0    0       -0.390128401103468
  344    0    0       -0.390861292277995
  345    0    0       -0.391590005834336
  346    0    0       -0.392314491771883
  347    0    0       -0.393034699334730
  348    0    0       -0.393750576946152
  349    0    0       -0.394462072138681
  350    0    0       -0.395169131479385
  351    0    0       -0.395871700490016
  352    0    0       -0.396569723561585
  353    0    0       -0.397263143862938
  354    0    0       -0.397951903242799
  355    0    0       -0.398635942124803
  356    0    0       -0.399315199394904
  357    0    0       -0.399989612280508
  358    0    0       -0.400659116220703
  359    0    0       -0.401323644726741
  360    0    0       -0.401983129232008
  361    0    0       -0.402637498930607
  362    0    0       -0.403286680603440
  363    0    0       -0.403930598430894
  364    0    0       -0.404569173790818
  365    0    0       -0.405202325040568
  366    0    0       -0.405829967281704
  367    0    0       -0.406452012105820
  368    0    0       -0.407068367319839
  369    0    0       -0.407678936648933
  370    0    0       -0.408283619415154
  371    0    0       -0.408882310189482
  372    0    0       -0.409474898415098
  373    0    0       -0.410061267999275
  374    0    0       -0.410641296871055
  375    0    0       -0.411214856501899
  376    0    0       -0.411781811385906
  377    0    0       -0.412342018476295
  378    0    0       -0.412895326574389
  379    0    0       -0.413441575667215
  380    0    0       -0.413980596209510
  381    0    0       -0.414512208345857
  382    0    0       -0.415036221068363
  383    0    0       -0.415552431305288
  384    0    0       -0.416060622935957
  385    0    0       -0.416560565727383
  386    0    0       -0.417052014188168
  387    0    0       -0.417534706335805
  388    0    0       -0.418008362374115
  389    0    0       -0.418472683278541
  390    0    0       -0.418927349288392
  391    0    0       -0.419372018307370
  392    0    0       -0.419806324216006
  393    0    0       -0.420229875103398
  394    0    0       -0.420642251430015
  395    0    0       -0.421043004139118
  396    0    0       -0.421431652741629
  397    0    0       -0.421807683408130
  398    0    0       -0.422170547112720
  399    0    0       -0.422519657886588
  400    0    0       -0.422854391254717
  401    0    0       -0.423174082947251
  402    0    0       -0.423478027997271
  403    0    0       -0.423765480359448
  404    0    0       -0.424035653207409
  405    0    0       -0.424287720091436
  406    0    0       -0.424520817159752
  407    0    0       -0.424734046663551
  408    0    0       -0.424926481974715
  409    0    0       -0.425097174341160
  410    0    0       -0.425245161582732
  411    0    0       -0.425369478885884
  412    0    0       -0.425469171782033
  413    0    0       -0.425543311290388
  414    0    0       -0.425591011069912
  415    0    0       -0.425611446261207
  416    0    0       -0.425603873517042
  417    0    0       -0.425567651535382
  418    0    0       -0.425502261242866
  419    0    0       -0.425407324654028
  420    0    0       -0.425282621377562
  421    0    0       -0.425128101775011
  422    0    0       -0.424943895909301
  423    0    0       -0.424730317647295
  424    0    0       -0.424487863581515
  425    0    0       -0.424217206780576
  426    0    0       -0.423919185723654
  427    0    0       -0.423594789081398
  428    0    0       -0.423245137239291
  429    0    0       -0.422871461597638
  430    0    0       -0.422475082719755
  431    0    0       -0.422057388343829
  432    0    0       -0.421619812145256
  433    0    0       -0.421163813959458
  434    0    0       -0.420690861977497
  435    0    0       -0.420202417231098
  436    0    0       -0.419699920507188
  437    0    0       -0.419184781685942
  438    0    0       -0.418658371384692
  439    0    0       -0.418122014713024
  440    0    0       -0.417576986898222
  441    0    0       -0.417024510519635
  442    0    0       -0.416465754089340
  443    0    0       -0.415901831729389
  444    0    0       -0.415333803717256
  445    0    0       -0.414762677697652
  446    0    0       -0.414189410386830
  447    0    0       -0.413614909623263
  448    0    0       -0.413040036644518
  449    0    0       -0.412465608493531
  450    0    0       -0.411892400477951
  451    0    0       -0.411321148623661
  452    0    0       -0.410752552078284
  453    0    0       -0.410187275432432
  454    0    0       -0.409625950936236
  455    0    0       -0.409069180596352
  456    0    0       -0.408517538144820
  457    0    0       -0.407971570875659
  458    0    0       -0.407431801348734
  459    0    0       -0.406898728963014
  460    0    0       -0.406372831403083
  461    0    0       -0.405854565964309
  462    0    0       -0.405344370762649
  463    0    0       -0.404842665835761
  464    0    0       -0.404349854142260
  465    0    0       -0.403866322465989
  466    0    0       -0.403392442232143
  467    0    0       -0.402928570241801
  468    0    0       -0.402475049331255
  469    0    0       -0.402032208962148
  470    0    0       -0.401600365748140
  471    0    0       -0.401179823923496
  472    0    0       -0.400770875758555
  473    0    0       -0.400373801926875
  474    0    0       -0.399988871828318
  475    0    0       -0.399616343872234
  476    0    0       -0.399256465724406
  477    0    0       -0.398909474521340
  478    0    0       -0.398575597055046
  479    0    0       -0.398255049931355
  480    0    0       -0.397948039704485
  481    0    0       -0.397654762990443
  482    0    0       -0.397375406561579
  483    0    0       -0.397110147424470
  484    0    0       -0.396859152883180
  485    0    0       -0.396622580589663
  486    0    0       -0.396400578583073
  487    0    0       -0.396193285319486
  488    0    0       -0.396000829693527
  489    0    0       -0.395823331053140
  490    0    0       -0.395660899208745
  491    0    0       -0.395513634437861
  492    0    0       -0.395381627486145
  493    0    0       -0.395264959565764
  494    0    0       -0.395163702351905
  495    0    0       -0.395077917978032
  496    0    0       -0.395007659030629
  497    0    0       -0.394952968543829
  498    0    0       -0.394913879994450
  499    0    0       -0.394890417297774
  500    0    0       -0.394882594804305
