 -500    0    0        1.095591576513078
 -499    0    0        1.095637050245384
 -498    0    0        1.095772996420765
 -497    0    0        1.095998018404365
 -496    0    0        1.096309879287819
 -495    0    0        1.096705625250236
 -494    0    0        1.097181735641055
 -493    0    0        1.097734283288260
 -492    0    0        1.098359090251699
 -491    0    0        1.099051867879777
 -490    0    0        1.099808334384935
 -489    0    0        1.100624307222540
 -488    0    0        1.101495770733290
 -487    0    0        1.102418921589174
 -486    0    0        1.103390195655541
 -485    0    0        1.104406280179625
 -484    0    0        1.105464115007978
 -483    0    0        1.106560886049926
 -482    0    0        1.107694013615617
 -481    0    0        1.108861137670200
 -480    0    0        1.110060101523118
 -479    0    0        1.111288935035131
 -478    0    0        1.112545838080411
 -477    0    0        1.113829164738074
 -476    0    0        1.115137408494279
 -475    0    0        1.116469188598383
 -474    0    0        1.117823237622045
 -473    0    0        1.119198390207339
 -472    0    0        1.120593572950782
 -471    0    0        1.122007795347098
 -470    0    0        1.123440141705488
 -469    0    0        1.124889763946864
 -468    0    0        1.126355875192277
 -467    0    0        1.127837744056721
 -466    0    0        1.129334689568189
 -465    0    0        1.130846076639424
 -464    0    0        1.132371312026336
 -463    0    0        1.133909840713916
 -462    0    0        1.135461142677606
 -461    0    0        1.137024729973799
 -460    0    0        1.138600144118776
 -459    0    0        1.140186953720671
 -458    0    0        1.141784752333362
 -457    0    0        1.143393156505127
 -456    0    0        1.145011803998815
 -455    0    0        1.146640352162951
 -454    0    0        1.148278476436379
 -453    0    0        1.149925868970937
 -452    0    0        1.151582237359459
 -451    0    0        1.153247303457349
 -450    0    0        1.154920802288352
 -449    0    0        1.156602481026413
 -448    0    0        1.158292098045920
 -447    0    0        1.159989422035052
 -446    0    0        1.161694231166629
 -445    0    0        1.163406312322299
 -444    0    0        1.165125460366551
 -443    0    0        1.166851477467330
 -442    0    0        1.168584172460756
 -441    0    0        1.170323360257981
 -440    0    0        1.172068861292284
 -439    0    0        1.173820501004945
 -438    0    0        1.175578109368859
 -437    0    0        1.177341520448815
 -436    0    0        1.179110571997645
 -435    0    0        1.180885105087456
 -434    0    0        1.182664963775676
 -433    0    0        1.184449994804835
 -432    0    0        1.186240047336397
 -431    0    0        1.188034972717184
 -430    0    0        1.189834624279049
 -429    0    0        1.191638857170239
 -428    0    0        1.193447528218726
 -427    0    0        1.195260495826568
 -426    0    0        1.197077619894811
 -425    0    0        1.198898761778085
 -424    0    0        1.200723784268200
 -423    0    0        1.202552551606059
 -422    0    0        1.204384929520697
 -421    0    0        1.206220785294406
 -420    0    0        1.208059987852881
 -419    0    0        1.209902407879504
 -418    0    0        1.211747917951590
 -417    0    0        1.213596392698084
 -416    0    0        1.215447708976684
 -415    0    0        1.217301746068990
 -414    0    0        1.219158385891650
 -413    0    0        1.221017513222575
 -412    0    0        1.222879015939414
 -411    0    0        1.224742785269020
 -410    0    0        1.226608716045828
 -409    0    0        1.228476706977183
 -408    0    0        1.230346660913464
 -407    0    0        1.232218485121106
 -406    0    0        1.234092091556236
 -405    0    0        1.235967397137252
 -404    0    0        1.237844324013633
 -403    0    0        1.239722799829400
 -402    0    0        1.241602757978987
 -401    0    0        1.243484137853275
 -400    0    0        1.245366885074027
 -399    0    0        1.247250951714534
 -398    0    0        1.249136296504809
 -397    0    0        1.251022885018708
 -396    0    0        1.252910689842053
 -395    0    0        1.254799690719394
 -394    0    0        1.256689874677676
 -393    0    0        1.258581236125263
 -392    0    0        1.260473776924827
 -391    0    0        1.262367506438087
 -390    0    0        1.264262441541812
 -389    0    0        1.266158606612559
 -388    0    0        1.268056033479518
 -387    0    0        1.269954761344348
 -386    0    0        1.271854836665669
 -385    0    0        1.273756313008481
 -384    0    0        1.275659250855739
 -383    0    0        1.277563717382586
 -382    0    0        1.279469786189971
 -381    0    0        1.281377536998320
 -380    0    0        1.283287055298724
 -379    0    0        1.285198431960396
 -378    0    0        1.287111762792799
 -377    0    0        1.289027148060527
 -376    0    0        1.290944691948314
 -375    0    0        1.292864501974668
 -374    0    0        1.294786688348494
 -373    0    0        1.296711363268350
 -372    0    0        1.298638640155552
 -371    0    0        1.300568632819147
 -370    0    0        1.302501454542082
 -369    0    0        1.304437217082645
 -368    0    0        1.306376029577718
 -367    0    0        1.308317997335792
 -366    0    0        1.310263220501012
 -365    0    0        1.312211792568269
 -364    0    0        1.314163798720858
 -363    0    0        1.316119313957598
 -362    0    0        1.318078400965993
 -361    0    0        1.320041107686166
 -360    0    0        1.322007464497118
 -359    0    0        1.323977480933510
 -358    0    0        1.325951141819862
 -357    0    0        1.327928402669291
 -356    0    0        1.329909184152449
 -355    0    0        1.331893365374619
 -354    0    0        1.333880775618419
 -353    0    0        1.335871184086156
 -352    0    0        1.337864287013280
 -351    0    0        1.339859691290004
 -350    0    0        1.341856893389790
 -349    0    0        1.343855251918739
 -348    0    0        1.345853951374699
 -347    0    0        1.347851953625243
 -346    0    0        1.349847931952135
 -345    0    0        1.351840179938436
 -344    0    0        1.353826483357131
 -343    0    0        1.355803936551486
 -342    0    0        1.357768673656436
 -341    0    0        1.359715465994733
 -340    0    0        1.361637103585702
 -339    0    0        1.363523418544809
 -338    0    0        1.365359697029342
 -337    0    0        1.367124017478546
 -336    0    0        1.368782660127494
 -335    0    0        1.370282028761984
 -334    0    0        1.371534499169986
 -333    0    0        1.372395403317222
 -332    0    0        1.372635529833401
 -331    0    0        1.371946367332045
 -330    0    0        1.370062002797864
 -329    0    0        1.366967773238573
 -328    0    0        1.362918955085609
 -327    0    0        1.358237985041387
 -326    0    0        1.353173217882983
 -325    0    0        1.347884244612344
 -324    0    0        1.342469148641471
 -323    0    0        1.336989184325881
 -322    0    0        1.331484216386279
 -321    0    0        1.325981557419088
 -320    0    0        1.320500980897891
 -319    0    0        1.315057619759343
 -318    0    0        1.309663691294422
 -317    0    0        1.304329555483741
 -316    0    0        1.299064383133735
 -315    0    0        1.293876587695199
 -314    0    0        1.288774108480813
 -313    0    0        1.283764596368025
 -312    0    0        1.278855532173665
 -311    0    0        1.274054295702552
 -310    0    0        1.269368196165008
 -309    0    0        1.264804470292981
 -308    0    0        1.260370251947451
 -307    0    0        1.256072515701299
 -306    0    0        1.251917996507059
 -305    0    0        1.247913087905692
 -304    0    0        1.244063722141535
 -303    0    0        1.240375236912204
 -302    0    0        1.236852235042554
 -301    0    0        1.233498444904901
 -300    0    0        1.230316590591416
 -299    0    0        1.227308281352416
 -298    0    0        1.224473929386542
 -297    0    0        1.221812703576048
 -296    0    0        1.219322524246843
 -295    0    0        1.217000100772845
 -294    0    0        1.214841010259060
 -293    0    0        1.212839812173492
 -292    0    0        1.210990191078552
 -291    0    0        1.209285117963006
 -290    0    0        1.207717020153187
 -289    0    0        1.206277950356665
 -288    0    0        1.204959746808815
 -287    0    0        1.203754178420255
 -286    0    0        1.202653070923634
 -285    0    0        1.201648412013621
 -284    0    0        1.200732435171988
 -283    0    0        1.199897683170715
 -282    0    0        1.199137053127759
 -281    0    0        1.198443825502810
 -280    0    0        1.197811679618692
 -279    0    0        1.197234698268955
 -278    0    0        1.196707363790289
 -277    0    0        1.196224547714543
 -276    0    0        1.195781495804852
 -275    0    0        1.195373809973234
 -274    0    0        1.194997428282848
 -273    0    0        1.194648603976876
 -272    0    0        1.194323884253595
 -271    0    0        1.194020089316474
 -270    0    0        1.193734292077067
 -269    0    0        1.193463798768170
 -268    0    0        1.193206130627328
 -267    0    0        1.192959006742090
 -266    0    0        1.192720328093212
 -265    0    0        1.192488162791681
 -264    0    0        1.192260732481186
 -263    0    0        1.192036399856673
 -262    0    0        1.191813657238325
 -261    0    0        1.191591116134080
 -260    0    0        1.191367497720473
 -259    0    0        1.191141624171647
 -258    0    0        1.190912410766431
 -257    0    0        1.190678858708851
 -256    0    0        1.190440048597970
 -255    0    0        1.190195134488944
 -254    0    0        1.189943338490857
 -253    0    0        1.189683945850510
 -252    0    0        1.189416300477068
 -251    0    0        1.189139800863662
 -250    0    0        1.188853896369864
 -249    0    0        1.188558083827857
 -248    0    0        1.188251904442283
 -247    0    0        1.187934940954685
 -246    0    0        1.187606815046498
 -245    0    0        1.187267184957588
 -244    0    0        1.186915743299322
 -243    0    0        1.186552215042844
 -242    0    0        1.186176355666011
 -241    0    0        1.185787949443374
 -240    0    0        1.185386807865302
 -239    0    0        1.184972768173752
 -238    0    0        1.184545692003995
 -237    0    0        1.184105464121354
 -236    0    0        1.183651991244731
 -235    0    0        1.183185200948100
 -234    0    0        1.182705040633056
 -233    0    0        1.182211476565690
 -232    0    0        1.181704492971571
 -231    0    0        1.181184091184075
 -230    0    0        1.180650288840673
 -229    0    0        1.180103119123216
 -228    0    0        1.179542630038206
 -227    0    0        1.178968883733680
 -226    0    0        1.178381955849382
 -225    0    0        1.177781934897631
 -224    0    0        1.177168921672267
 -223    0    0        1.176543028683388
 -222    0    0        1.175904379615961
 -221    0    0        1.175253108810526
 -220    0    0        1.174589360764061
 -219    0    0        1.173913289649944
 -218    0    0        1.173225058855549
 -217    0    0        1.172524840536398
 -216    0    0        1.171812815185476
 -215    0    0        1.171089171217447
 -214    0    0        1.170354104566305
 -213    0    0        1.169607818296083
 -212    0    0        1.168850522223638
 -211    0    0        1.168082432553584
 -210    0    0        1.167303771523877
 -209    0    0        1.166514767062351
 -208    0    0        1.165715652453529
 -207    0    0        1.164906666015091
 -206    0    0        1.164088050784104
 -205    0    0        1.163260054212305
 -204    0    0        1.162422927870256
 -203    0    0        1.161576927160318
 -202    0    0        1.160722311037925
 -201    0    0        1.159859341741079
 -200    0    0        1.158988284527927
 -199    0    0        1.158109407421929
 -198    0    0        1.157222980965230
 -197    0    0        1.156329277978821
 -196    0    0        1.155428573330639
 -195    0    0        1.154521143710720
 -194    0    0        1.153607267413294
 -193    0    0        1.152687224126328
 -192    0    0        1.151761294727386
 -191    0    0        1.150829761086926
 -190    0    0        1.149892905877785
 -189    0    0        1.148951012391525
 -188    0    0        1.148004364361498
 -187    0    0        1.147053245792105
 -186    0    0        1.146097940794492
 -185    0    0        1.145138733428937
 -184    0    0        1.144175907553154
 -183    0    0        1.143209746676985
 -182    0    0        1.142240533823242
 -181    0    0        1.141268551395030
 -180    0    0        1.140294081048575
 -179    0    0        1.139317403572788
 -178    0    0        1.138338798774198
 -177    0    0        1.137358545368751
 -176    0    0        1.136376920878864
 -175    0    0        1.135394201536782
 -174    0    0        1.134410662194190
 -173    0    0        1.133426576237107
 -172    0    0        1.132442215507651
 -171    0    0        1.131457850231137
 -170    0    0        1.130473748949363
 -169    0    0        1.129490178460147
 -168    0    0        1.128507403762646
 -167    0    0        1.127525688008871
 -166    0    0        1.126545292461655
 -165    0    0        1.125566476458158
 -164    0    0        1.124589497380342
 -163    0    0        1.123614610631572
 -162    0    0        1.122642069619364
 -161    0    0        1.121672125745170
 -160    0    0        1.120705028400528
 -159    0    0        1.119741024970136
 -158    0    0        1.118780360841822
 -157    0    0        1.117823279423660
 -156    0    0        1.116870022168573
 -155    0    0        1.115920828606100
 -154    0    0        1.114975936382248
 -153    0    0        1.114035581307224
 -152    0    0        1.113099997411393
 -151    0    0        1.112169417010106
 -150    0    0        1.111244070777029
 -149    0    0        1.110324187827152
 -148    0    0        1.109409995809562
 -147    0    0        1.108501721009964
 -146    0    0        1.107599588464392
 -145    0    0        1.106703822083640
 -144    0    0        1.105814644789994
 -143    0    0        1.104932278665870
 -142    0    0        1.104056945115976
 -141    0    0        1.103188865043142
 -140    0    0        1.102328259038905
 -139    0    0        1.101475347590071
 -138    0    0        1.100630351301172
 -137    0    0        1.099793491135575
 -136    0    0        1.098964988674832
 -135    0    0        1.098145066398636
 -134    0    0        1.097333947986331
 -133    0    0        1.096531858641771
 -132    0    0        1.095739025443190
 -131    0    0        1.094955677719894
 -130    0    0        1.094182047458124
 -129    0    0        1.093418369738339
 -128    0    0        1.092664883206027
 -127    0    0        1.091921830579820
 -126    0    0        1.091189459198914
 -125    0    0        1.090468021614317
 -124    0    0        1.089757776226814
 -123    0    0        1.089058987976339
 -122    0    0        1.088371929087844
 -121    0    0        1.087696879877760
 -120    0    0        1.087034129628111
 -119    0    0        1.086383977533379
 -118    0    0        1.085746733728480
 -117    0    0        1.085122720404875
 -116    0    0        1.084512273023759
 -115    0    0        1.083915741636220
 -114    0    0        1.083333492320681
 -113    0    0        1.082765908750359
 -112    0    0        1.082213393902406
 -111    0    0        1.081676371924999
 -110    0    0        1.081155290176681
 -109    0    0        1.080650621456580
 -108    0    0        1.080162866443945
 -107    0    0        1.079692556367819
 -106    0    0        1.079240255929593
 -105    0    0        1.078806566501838
 -104    0    0        1.078392129629562
 -103    0    0        1.077997630860142
 -102    0    0        1.077623803929105
 -101    0    0        1.077271435330321
 -100    0    0        1.076941369296451
  -99    0    0        1.076634513215168
  -98    0    0        1.076351843501895
  -97    0    0        1.076094411944880
  -96    0    0        1.075863352527487
  -95    0    0        1.075659888722653
  -94    0    0        1.075485341233678
  -93    0    0        1.075341136134329
  -92    0    0        1.075228813329160
  -91    0    0        1.075150035215714
  -90    0    0        1.075106595381712
  -89    0    0        1.075100427110440
  -88    0    0        1.075133611396942
  -87    0    0        1.075208384096435
  -86    0    0        1.075327141738484
  -85    0    0        1.075492445444511
  -84    0    0        1.075707022298005
  -83    0    0        1.075973763434902
  -82    0    0        1.076295718070025
  -81    0    0        1.076676082659673
  -80    0    0        1.077118184449069
  -79    0    0        1.077625458770834
  -78    0    0        1.078201419674236
  -77    0    0        1.078849623767470
  -76    0    0        1.079573627549121
  -75    0    0        1.080376938961310
  -74    0    0        1.081262964379073
  -73    0    0        1.082234952704964
  -72    0    0        1.083295938601866
  -71    0    0        1.084448687116556
  -70    0    0        1.085695641977634
  -69    0    0        1.087038879683885
  -68    0    0        1.088480071142714
  -67    0    0        1.090020452123340
  -66    0    0        1.091660803215661
  -65    0    0        1.093401439406047
  -64    0    0        1.095242208857323
  -63    0    0        1.097182500057024
  -62    0    0        1.099221256200568
  -61    0    0        1.101356995504135
  -60    0    0        1.103587836085081
  -59    0    0        1.105911524078780
  -58    0    0        1.108325463759583
  -57    0    0        1.110826748570084
  -56    0    0        1.113412192122902
  -55    0    0        1.116078358404718
  -54    0    0        1.118821590575316
  -53    0    0        1.121638037906790
  -52    0    0        1.124523680548197
  -51    0    0        1.127474351923944
  -50    0    0        1.130485758681935
  -49    0    0        1.133553498196324
  -48    0    0        1.136673073704505
  -47    0    0        1.139839907213210
  -46    0    0        1.143049350353121
  -45    0    0        1.146296693389428
  -44    0    0        1.149577172614439
  -43    0    0        1.152885976356076
  -42    0    0        1.156218249837366
  -41    0    0        1.159569099115065
  -40    0    0        1.162933594316540
  -39    0    0        1.166306772379889
  -38    0    0        1.169683639486529
  -37    0    0        1.173059173359587
  -36    0    0        1.176428325583245
  -35    0    0        1.179786024082090
  -34    0    0        1.183127175882189
  -33    0    0        1.186446670260102
  -32    0    0        1.189739382370951
  -31    0    0        1.193000177431764
  -30    0    0        1.196223915523463
  -29    0    0        1.199405457061981
  -28    0    0        1.202539668976315
  -27    0    0        1.205621431620025
  -26    0    0        1.208645646431517
  -25    0    0        1.211607244347854
  -24    0    0        1.214501194964996
  -23    0    0        1.217322516427866
  -22    0    0        1.220066286023367
  -21    0    0        1.222727651438211
  -20    0    0        1.225301842633528
  -19    0    0        1.227784184278961
  -18    0    0        1.230170108677558
  -17    0    0        1.232455169104627
  -16    0    0        1.234635053473158
  -15    0    0        1.236705598230837
  -14    0    0        1.238662802384921
  -13    0    0        1.240502841544916
  -12    0    0        1.242222081865511
  -11    0    0        1.243817093769979
  -10    0    0        1.245284665327346
   -9    0    0        1.246621815158635
   -8    0    0        1.247825804744671
   -7    0    0        1.248894150010830
   -6    0    0        1.249824632068205
   -5    0    0        1.250615306996028
   -4    0    0        1.251264514558086
   -3    0    0        1.251770885755720
   -2    0    0        1.252133349130785
   -1    0    0        1.252351135747072
    0    0    0        1.252423782790581
    1    0    0        1.252351135747072
    2    0    0        1.252133349130785
    3    0    0        1.251770885755720
    4    0    0        1.251264514558086
    5    0    0        1.250615306996028
    6    0    0        1.249824632068205
    7    0    0        1.248894150010830
    8    0    0        1.247825804744671
    9    0    0        1.246621815158635
   10    0    0        1.245284665327346
   11    0    0        1.243817093769979
   12    0    0        1.242222081865511
   13    0    0        1.240502841544916
   14    0    0        1.238662802384921
   15    0    0        1.236705598230837
   16    0    0        1.234635053473158
   17    0    0        1.232455169104627
   18    0    0        1.230170108677558
   19    0    0        1.227784184278961
   20    0    0        1.225301842633528
   21    0    0        1.222727651438211
   22    0    0        1.220066286023367
   23    0    0        1.217322516427866
   24    0    0        1.214501194964996
   25    0    0        1.211607244347854
   26    0    0        1.208645646431517
   27    0    0        1.205621431620025
   28    0    0        1.202539668976315
   29    0    0        1.199405457061981
   30    0    0        1.196223915523463
   31    0    0        1.193000177431764
   32    0    0        1.189739382370951
   33    0    0        1.186446670260102
   34    0    0        1.183127175882189
   35    0    0        1.179786024082090
   36    0    0        1.176428325583245
   37    0    0        1.173059173359587
   38    0    0        1.169683639486529
   39    0    0        1.166306772379889
   40    0    0        1.162933594316540
   41    0    0        1.159569099115065
   42    0    0        1.156218249837366
   43    0    0        1.152885976356076
   44    0    0        1.149577172614439
   45    0    0        1.146296693389428
   46    0    0        1.143049350353121
   47    0    0        1.139839907213210
   48    0    0        1.136673073704505
   49    0    0        1.133553498196324
   50    0    0        1.130485758681935
   51    0    0        1.127474351923944
   52    0    0        1.124523680548197
   53    0    0        1.121638037906790
   54    0    0        1.118821590575316
   55    0    0        1.116078358404718
   56    0    0        1.113412192122902
   57    0    0        1.110826748570084
   58    0    0        1.108325463759583
   59    0    0        1.105911524078780
   60    0    0        1.103587836085081
   61    0    0        1.101356995504135
   62    0    0        1.099221256200568
   63    0    0        1.097182500057024
   64    0    0        1.095242208857323
   65    0    0        1.093401439406047
   66    0    0        1.091660803215661
   67    0    0        1.090020452123340
   68    0    0        1.088480071142714
   69    0    0        1.087038879683885
   70    0    0        1.085695641977634
   71    0    0        1.084448687116556
   72    0    0        1.083295938601866
   73    0    0        1.082234952704964
   74    0    0        1.081262964379073
   75    0    0        1.080376938961310
   76    0    0        1.079573627549121
   77    0    0        1.078849623767470
   78    0    0        1.078201419674236
   79    0    0        1.077625458770834
   80    0    0        1.077118184449069
   81    0    0        1.076676082659673
   82    0    0        1.076295718070025
   83    0    0        1.075973763434902
   84    0    0        1.075707022298005
   85    0    0        1.075492445444511
   86    0    0        1.075327141738484
   87    0    0        1.075208384096435
   88    0    0        1.075133611396942
   89    0    0        1.075100427110440
   90    0    0        1.075106595381712
   91    0    0        1.075150035215714
   92    0    0        1.075228813329160
   93    0    0        1.075341136134329
   94    0    0        1.075485341233678
   95    0    0        1.075659888722653
   96    0    0        1.075863352527487
   97    0    0        1.076094411944880
   98    0    0        1.076351843501895
   99    0    0        1.076634513215168
  100    0    0        1.076941369296451
  101    0    0        1.077271435330321
  102    0    0        1.077623803929105
  103    0    0        1.077997630860142
  104    0    0        1.078392129629562
  105    0    0        1.078806566501838
  106    0    0        1.079240255929593
  107    0    0        1.079692556367819
  108    0    0        1.080162866443945
  109    0    0        1.080650621456580
  110    0    0        1.081155290176681
  111    0    0        1.081676371924999
  112    0    0        1.082213393902406
  113    0    0        1.082765908750359
  114    0    0        1.083333492320681
  115    0    0        1.083915741636220
  116    0    0        1.084512273023759
  117    0    0        1.085122720404875
  118    0    0        1.085746733728480
  119    0    0        1.086383977533379
  120    0    0        1.087034129628111
  121    0    0        1.087696879877760
  122    0    0        1.088371929087844
  123    0    0        1.089058987976339
  124    0    0        1.089757776226814
  125    0    0        1.090468021614317
  126    0    0        1.091189459198914
  127    0    0        1.091921830579820
  128    0    0        1.092664883206027
  129    0    0        1.093418369738339
  130    0    0        1.094182047458124
  131    0    0        1.094955677719894
  132    0    0        1.095739025443190
  133    0    0        1.096531858641771
  134    0    0        1.097333947986331
  135    0    0        1.098145066398636
  136    0    0        1.098964988674832
  137    0    0        1.099793491135575
  138    0    0        1.100630351301172
  139    0    0        1.101475347590071
  140    0    0        1.102328259038905
  141    0    0        1.103188865043142
  142    0    0        1.104056945115976
  143    0    0        1.104932278665870
  144    0    0        1.105814644789994
  145    0    0        1.106703822083640
  146    0    0        1.107599588464392
  147    0    0        1.108501721009964
  148    0    0        1.109409995809562
  149    0    0        1.110324187827152
  150    0    0        1.111244070777029
  151    0    0        1.112169417010106
  152    0    0        1.113099997411393
  153    0    0        1.114035581307224
  154    0    0        1.114975936382248
  155    0    0        1.115920828606100
  156    0    0        1.116870022168573
  157    0    0        1.117823279423660
  158    0    0        1.118780360841822
  159    0    0        1.119741024970136
  160    0    0        1.120705028400528
  161    0    0        1.121672125745170
  162    0    0        1.122642069619364
  163    0    0        1.123614610631572
  164    0    0        1.124589497380342
  165    0    0        1.125566476458158
  166    0    0        1.126545292461655
  167    0    0        1.127525688008871
  168    0    0        1.128507403762646
  169    0    0        1.129490178460147
  170    0    0        1.130473748949363
  171    0    0        1.131457850231137
  172    0    0        1.132442215507651
  173    0    0        1.133426576237107
  174    0    0        1.134410662194190
  175    0    0        1.135394201536782
  176    0    0        1.136376920878864
  177    0    0        1.137358545368751
  178    0    0        1.138338798774198
  179    0    0        1.139317403572788
  180    0    0        1.140294081048575
  181    0    0        1.141268551395030
  182    0    0        1.142240533823242
  183    0    0        1.143209746676985
  184    0    0        1.144175907553154
  185    0    0        1.145138733428937
  186    0    0        1.146097940794492
  187    0    0        1.147053245792105
  188    0    0        1.148004364361498
  189    0    0        1.148951012391525
  190    0    0        1.149892905877785
  191    0    0        1.150829761086926
  192    0    0        1.151761294727386
  193    0    0        1.152687224126328
  194    0    0        1.153607267413294
  195    0    0        1.154521143710720
  196    0    0        1.155428573330639
  197    0    0        1.156329277978821
  198    0    0        1.157222980965230
  199    0    0        1.158109407421929
  200    0    0        1.158988284527927
  201    0    0        1.159859341741079
  202    0    0        1.160722311037925
  203    0    0        1.161576927160318
  204    0    0        1.162422927870256
  205    0    0        1.163260054212305
  206    0    0        1.164088050784104
  207    0    0        1.164906666015091
  208    0    0        1.165715652453529
  209    0    0        1.166514767062351
  210    0    0        1.167303771523877
  211    0    0        1.168082432553584
  212    0    0        1.168850522223638
  213    0    0        1.169607818296083
  214    0    0        1.170354104566305
  215    0    0        1.171089171217447
  216    0    0        1.171812815185476
  217    0    0        1.172524840536398
  218    0    0        1.173225058855549
  219    0    0        1.173913289649944
  220    0    0        1.174589360764061
  221    0    0        1.175253108810526
  222    0    0        1.175904379615961
  223    0    0        1.176543028683388
  224    0    0        1.177168921672267
  225    0    0        1.177781934897631
  226    0    0        1.178381955849382
  227    0    0        1.178968883733680
  228    0    0        1.179542630038206
  229    0    0        1.180103119123216
  230    0    0        1.180650288840673
  231    0    0        1.181184091184075
  232    0    0        1.181704492971571
  233    0    0        1.182211476565690
  234    0    0        1.182705040633056
  235    0    0        1.183185200948100
  236    0    0        1.183651991244731
  237    0    0        1.184105464121354
  238    0    0        1.184545692003995
  239    0    0        1.184972768173752
  240    0    0        1.185386807865302
  241    0    0        1.185787949443374
  242    0    0        1.186176355666011
  243    0    0        1.186552215042844
  244    0    0        1.186915743299322
  245    0    0        1.187267184957588
  246    0    0        1.187606815046498
  247    0    0        1.187934940954685
  248    0    0        1.188251904442283
  249    0    0        1.188558083827857
  250    0    0        1.188853896369864
  251    0    0        1.189139800863662
  252    0    0        1.189416300477068
  253    0    0        1.189683945850510
  254    0    0        1.189943338490857
  255    0    0        1.190195134488944
  256    0    0        1.190440048597970
  257    0    0        1.190678858708851
  258    0    0        1.190912410766431
  259    0    0        1.191141624171647
  260    0    0        1.191367497720473
  261    0    0        1.191591116134080
  262    0    0        1.191813657238325
  263    0    0        1.192036399856673
  264    0    0        1.192260732481186
  265    0    0        1.192488162791681
  266    0    0        1.192720328093212
  267    0    0        1.192959006742090
  268    0    0        1.193206130627328
  269    0    0        1.193463798768170
  270    0    0        1.193734292077067
  271    0    0        1.194020089316474
  272    0    0        1.194323884253595
  273    0    0        1.194648603976876
  274    0    0        1.194997428282848
  275    0    0        1.195373809973234
  276    0    0        1.195781495804852
  277    0    0        1.196224547714543
  278    0    0        1.196707363790289
  279    0    0        1.197234698268955
  280    0    0        1.197811679618692
  281    0    0        1.198443825502810
  282    0    0        1.199137053127759
  283    0    0        1.199897683170715
  284    0    0        1.200732435171988
  285    0    0        1.201648412013621
  286    0    0        1.202653070923634
  287    0    0        1.203754178420255
  288    0    0        1.204959746808815
  289    0    0        1.206277950356665
  290    0    0        1.207717020153187
  291    0    0        1.209285117963006
  292    0    0        1.210990191078552
  293    0    0        1.212839812173492
  294    0    0        1.214841010259060
  295    0    0        1.217000100772845
  296    0    0        1.219322524246843
  297    0    0        1.221812703576048
  298    0    0        1.224473929386542
  299    0    0        1.227308281352416
  300    0    0        1.230316590591416
  301    0    0        1.233498444904901
  302    0    0        1.236852235042554
  303    0    0        1.240375236912204
  304    0    0        1.244063722141535
  305    0    0        1.247913087905692
  306    0    0        1.251917996507059
  307    0    0        1.256072515701299
  308    0    0        1.260370251947451
  309    0    0        1.264804470292981
  310    0    0        1.269368196165008
  311    0    0        1.274054295702552
  312    0    0        1.278855532173665
  313    0    0        1.283764596368025
  314    0    0        1.288774108480813
  315    0    0        1.293876587695199
  316    0    0        1.299064383133735
  317    0    0        1.304329555483741
  318    0    0        1.309663691294422
  319    0    0        1.315057619759343
  320    0    0        1.320500980897891
  321    0    0        1.325981557419088
  322    0    0        1.331484216386279
  323    0    0        1.336989184325881
  324    0    0        1.342469148641471
  325    0    0        1.347884244612344
  326    0    0        1.353173217882983
  327    0    0        1.358237985041387
  328    0    0        1.362918955085609
  329    0    0        1.366967773238573
  330    0    0        1.370062002797864
  331    0    0        1.371946367332045
  332    0    0        1.372635529833401
  333    0    0        1.372395403317222
  334    0    0        1.371534499169986
  335    0    0        1.370282028761984
  336    0    0        1.368782660127494
  337    0    0        1.367124017478546
  338    0    0        1.365359697029342
  339    0    0        1.363523418544809
  340    0    0        1.361637103585702
  341    0    0        1.359715465994733
  342    0    0        1.357768673656436
  343    0    0        1.355803936551486
  344    0    0        1.353826483357131
  345    0    0        1.351840179938436
  346    0    0        1.349847931952135
  347    0    0        1.347851953625243
  348    0    0        1.345853951374699
  349    0    0        1.343855251918739
  350    0    0        1.341856893389790
  351    0    0        1.339859691290004
  352    0    0        1.337864287013280
  353    0    0        1.335871184086156
  354    0    0        1.333880775618419
  355    0    0        1.331893365374619
  356    0    0        1.329909184152449
  357    0    0        1.327928402669291
  358    0    0        1.325951141819862
  359    0    0        1.323977480933510
  360    0    0        1.322007464497118
  361    0    0        1.320041107686166
  362    0    0        1.318078400965993
  363    0    0        1.316119313957598
  364    0    0        1.314163798720858
  365    0    0        1.312211792568269
  366    0    0        1.310263220501012
  367    0    0        1.308317997335792
  368    0    0        1.306376029577718
  369    0    0        1.304437217082645
  370    0    0        1.302501454542082
  371    0    0        1.300568632819147
  372    0    0        1.298638640155552
  373    0    0        1.296711363268350
  374    0    0        1.294786688348494
  375    0    0        1.292864501974668
  376    0    0        1.290944691948314
  377    0    0        1.289027148060527
  378    0    0        1.287111762792799
  379    0    0        1.285198431960396
  380    0    0        1.283287055298724
  381    0    0        1.281377536998320
  382    0    0        1.279469786189971
  383    0    0        1.277563717382586
  384    0    0        1.275659250855739
  385    0    0        1.273756313008481
  386    0    0        1.271854836665669
  387    0    0        1.269954761344348
  388    0    0        1.268056033479518
  389    0    0        1.266158606612559
  390    0    0        1.264262441541812
  391    0    0        1.262367506438087
  392    0    0        1.260473776924827
  393    0    0        1.258581236125263
  394    0    0        1.256689874677676
  395    0    0        1.254799690719394
  396    0    0        1.252910689842053
  397    0    0        1.251022885018708
  398    0    0        1.249136296504809
  399    0    0        1.247250951714534
  400    0    0        1.245366885074027
  401    0    0        1.243484137853275
  402    0    0        1.241602757978987
  403    0    0        1.239722799829400
  404    0    0        1.237844324013633
  405    0    0        1.235967397137252
  406    0    0        1.234092091556236
  407    0    0        1.232218485121106
  408    0    0        1.230346660913464
  409    0    0        1.228476706977183
  410    0    0        1.226608716045828
  411    0    0        1.224742785269020
  412    0    0        1.222879015939414
  413    0    0        1.221017513222575
  414    0    0        1.219158385891650
  415    0    0        1.217301746068990
  416    0    0        1.215447708976684
  417    0    0        1.213596392698084
  418    0    0        1.211747917951590
  419    0    0        1.209902407879504
  420    0    0        1.208059987852881
  421    0    0        1.206220785294406
  422    0    0        1.204384929520697
  423    0    0        1.202552551606059
  424    0    0        1.200723784268200
  425    0    0        1.198898761778085
  426    0    0        1.197077619894811
  427    0    0        1.195260495826568
  428    0    0        1.193447528218726
  429    0    0        1.191638857170239
  430    0    0        1.189834624279049
  431    0    0        1.188034972717184
  432    0    0        1.186240047336397
  433    0    0        1.184449994804835
  434    0    0        1.182664963775676
  435    0    0        1.180885105087456
  436    0    0        1.179110571997645
  437    0    0        1.177341520448815
  438    0    0        1.175578109368859
  439    0    0        1.173820501004945
  440    0    0        1.172068861292284
  441    0    0        1.170323360257981
  442    0    0        1.168584172460756
  443    0    0        1.166851477467330
  444    0    0        1.165125460366551
  445    0    0        1.163406312322299
  446    0    0        1.161694231166629
  447    0    0        1.159989422035052
  448    0    0        1.158292098045920
  449    0    0        1.156602481026413
  450    0    0        1.154920802288352
  451    0    0        1.153247303457349
  452    0    0        1.151582237359459
  453    0    0        1.149925868970937
  454    0    0        1.148278476436379
  455    0    0        1.146640352162951
  456    0    0        1.145011803998815
  457    0    0        1.143393156505127
  458    0    0        1.141784752333362
  459    0    0        1.140186953720671
  460    0    0        1.138600144118776
  461    0    0        1.137024729973799
  462    0    0        1.135461142677606
  463    0    0        1.133909840713916
  464    0    0        1.132371312026336
  465    0    0        1.130846076639424
  466    0    0        1.129334689568189
  467    0    0        1.127837744056721
  468    0    0        1.126355875192277
  469    0    0        1.124889763946864
  470    0    0        1.123440141705488
  471    0    0        1.122007795347098
  472    0    0        1.120593572950782
  473    0    0        1.119198390207339
  474    0    0        1.117823237622045
  475    0    0        1.116469188598383
  476    0    0        1.115137408494279
  477    0    0        1.113829164738074
  478    0    0        1.112545838080411
  479    0    0        1.111288935035131
  480    0    0        1.110060101523118
  481    0    0        1.108861137670200
  482    0    0        1.107694013615617
  483    0    0        1.106560886049926
  484    0    0        1.105464115007978
  485    0    0        1.104406280179625
  486    0    0        1.103390195655541
  487    0    0        1.102418921589174
  488    0    0        1.101495770733290
  489    0    0        1.100624307222540
  490    0    0        1.099808334384935
  491    0    0        1.099051867879777
  492    0    0        1.098359090251699
  493    0    0        1.097734283288260
  494    0    0        1.097181735641055
  495    0    0        1.096705625250236
  496    0    0        1.096309879287819
  497    0    0        1.095998018404365
  498    0    0        1.095772996420765
  499    0    0        1.095637050245384
  500    0    0        1.095591576513078
