 -500    0    0      -10.141962872553943
 -499    0    0      -10.141962879945151
 -498    0    0      -10.141962902118189
 -497    0    0      -10.141962939071149
 -496    0    0      -10.141962990800875
 -495    0    0      -10.141963057302940
 -494    0    0      -10.141963138571658
 -493    0    0      -10.141963234600171
 -492    0    0      -10.141963345380358
 -491    0    0      -10.141963470902905
 -490    0    0      -10.141963611157351
 -489    0    0      -10.141963766132008
 -488    0    0      -10.141963935814138
 -487    0    0      -10.141964120189895
 -486    0    0      -10.141964319244337
 -485    0    0      -10.141964532961492
 -484    0    0      -10.141964761324346
 -483    0    0      -10.141965004315008
 -482    0    0      -10.141965261914567
 -481    0    0      -10.141965534103306
 -480    0    0      -10.141965820860568
 -479    0    0      -10.141966122164906
 -478    0    0      -10.141966437994141
 -477    0    0      -10.141966768325343
 -476    0    0      -10.141967113134855
 -475    0    0      -10.141967472398422
 -474    0    0      -10.141967846091163
 -473    0    0      -10.141968234187626
 -472    0    0      -10.141968636661863
 -471    0    0      -10.141969053487419
 -470    0    0      -10.141969484637377
 -469    0    0      -10.141969930084480
 -468    0    0      -10.141970389800973
 -467    0    0      -10.141970863758893
 -466    0    0      -10.141971351929945
 -465    0    0      -10.141971854285526
 -464    0    0      -10.141972370796811
 -463    0    0      -10.141972901434777
 -462    0    0      -10.141973446170169
 -461    0    0      -10.141974004973633
 -460    0    0      -10.141974577815613
 -459    0    0      -10.141975164666372
 -458    0    0      -10.141975765496218
 -457    0    0      -10.141976380275235
 -456    0    0      -10.141977008973395
 -455    0    0      -10.141977651560632
 -454    0    0      -10.141978308006838
 -453    0    0      -10.141978978281672
 -452    0    0      -10.141979662354832
 -451    0    0      -10.141980360195886
 -450    0    0      -10.141981071774248
 -449    0    0      -10.141981797059245
 -448    0    0      -10.141982536020079
 -447    0    0      -10.141983288625768
 -446    0    0      -10.141984054845144
 -445    0    0      -10.141984834646893
 -444    0    0      -10.141985627999405
 -443    0    0      -10.141986434870873
 -442    0    0      -10.141987255229107
 -441    0    0      -10.141988089041686
 -440    0    0      -10.141988936275787
 -439    0    0      -10.141989796898226
 -438    0    0      -10.141990670875298
 -437    0    0      -10.141991558172865
 -436    0    0      -10.141992458756297
 -435    0    0      -10.141993372590402
 -434    0    0      -10.141994299639254
 -433    0    0      -10.141995239866384
 -432    0    0      -10.141996193234625
 -431    0    0      -10.141997159706026
 -430    0    0      -10.141998139241817
 -429    0    0      -10.141999131802399
 -428    0    0      -10.142000137347313
 -427    0    0      -10.142001155835118
 -426    0    0      -10.142002187223500
 -425    0    0      -10.142003231468969
 -424    0    0      -10.142004288527056
 -423    0    0      -10.142005358352222
 -422    0    0      -10.142006440897710
 -421    0    0      -10.142007536115642
 -420    0    0      -10.142008643956864
 -419    0    0      -10.142009764371064
 -418    0    0      -10.142010897306550
 -417    0    0      -10.142012042710398
 -416    0    0      -10.142013200528389
 -415    0    0      -10.142014370704848
 -414    0    0      -10.142015553182876
 -413    0    0      -10.142016747904021
 -412    0    0      -10.142017954808580
 -411    0    0      -10.142019173835397
 -410    0    0      -10.142020404921983
 -409    0    0      -10.142021648004325
 -408    0    0      -10.142022903017118
 -407    0    0      -10.142024169893633
 -406    0    0      -10.142025448565747
 -405    0    0      -10.142026738964029
 -404    0    0      -10.142028041017685
 -403    0    0      -10.142029354654582
 -402    0    0      -10.142030679801277
 -401    0    0      -10.142032016383205
 -400    0    0      -10.142033364324414
 -399    0    0      -10.142034723547871
 -398    0    0      -10.142036093975447
 -397    0    0      -10.142037475527788
 -396    0    0      -10.142038868124633
 -395    0    0      -10.142040271684682
 -394    0    0      -10.142041686125689
 -393    0    0      -10.142043111364671
 -392    0    0      -10.142044547317731
 -391    0    0      -10.142045993900286
 -390    0    0      -10.142047451027073
 -389    0    0      -10.142048918612318
 -388    0    0      -10.142050396569640
 -387    0    0      -10.142051884812293
 -386    0    0      -10.142053383253243
 -385    0    0      -10.142054891805076
 -384    0    0      -10.142056410380277
 -383    0    0      -10.142057938891245
 -382    0    0      -10.142059477250299
 -381    0    0      -10.142061025369948
 -380    0    0      -10.142062583162838
 -379    0    0      -10.142064150541838
 -378    0    0      -10.142065727420245
 -377    0    0      -10.142067313711738
 -376    0    0      -10.142068909330590
 -375    0    0      -10.142070514191678
 -374    0    0      -10.142072128210565
 -373    0    0      -10.142073751303743
 -372    0    0      -10.142075383388411
 -371    0    0      -10.142077024382925
 -370    0    0      -10.142078674206600
 -369    0    0      -10.142080332779933
 -368    0    0      -10.142082000024677
 -367    0    0      -10.142083675863882
 -366    0    0      -10.142085360221927
 -365    0    0      -10.142087053024689
 -364    0    0      -10.142088754199584
 -363    0    0      -10.142090463675581
 -362    0    0      -10.142092181383322
 -361    0    0      -10.142093907255088
 -360    0    0      -10.142095641225051
 -359    0    0      -10.142097383229085
 -358    0    0      -10.142099133204924
 -357    0    0      -10.142100891092182
 -356    0    0      -10.142102656832481
 -355    0    0      -10.142104430369246
 -354    0    0      -10.142106211648011
 -353    0    0      -10.142108000616222
 -352    0    0      -10.142109797223343
 -351    0    0      -10.142111601420751
 -350    0    0      -10.142113413161940
 -349    0    0      -10.142115232402356
 -348    0    0      -10.142117059099364
 -347    0    0      -10.142118893212253
 -346    0    0      -10.142120734702333
 -345    0    0      -10.142122583532680
 -344    0    0      -10.142124439668249
 -343    0    0      -10.142126303075745
 -342    0    0      -10.142128173723592
 -341    0    0      -10.142130051581850
 -340    0    0      -10.142131936622242
 -339    0    0      -10.142133828817849
 -338    0    0      -10.142135728143241
 -337    0    0      -10.142137634574224
 -336    0    0      -10.142139548087895
 -335    0    0      -10.142141468662386
 -334    0    0      -10.142143396276776
 -333    0    0      -10.142145330911028
 -332    0    0      -10.142147272545900
 -331    0    0      -10.142149221162557
 -330    0    0      -10.142151176742754
 -329    0    0      -10.142153139268485
 -328    0    0      -10.142155108721871
 -327    0    0      -10.142157085085016
 -326    0    0      -10.142159068339852
 -325    0    0      -10.142161058467954
 -324    0    0      -10.142163055450332
 -323    0    0      -10.142165059267366
 -322    0    0      -10.142167069898491
 -321    0    0      -10.142169087322145
 -320    0    0      -10.142171111515433
 -319    0    0      -10.142173142454089
 -318    0    0      -10.142175180112288
 -317    0    0      -10.142177224462282
 -316    0    0      -10.142179275474387
 -315    0    0      -10.142181333116822
 -314    0    0      -10.142183397355316
 -313    0    0      -10.142185468153182
 -312    0    0      -10.142187545470918
 -311    0    0      -10.142189629266236
 -310    0    0      -10.142191719493688
 -309    0    0      -10.142193816104641
 -308    0    0      -10.142195919047072
 -307    0    0      -10.142198028265399
 -306    0    0      -10.142200143700370
 -305    0    0      -10.142202265288844
 -304    0    0      -10.142204392963748
 -303    0    0      -10.142206526653915
 -302    0    0      -10.142208666283919
 -301    0    0      -10.142210811774024
 -300    0    0      -10.142212963040162
 -299    0    0      -10.142215119993617
 -298    0    0      -10.142217282541191
 -297    0    0      -10.142219450585019
 -296    0    0      -10.142221624022547
 -295    0    0      -10.142223802746448
 -294    0    0      -10.142225986644718
 -293    0    0      -10.142228175600508
 -292    0    0      -10.142230369492220
 -291    0    0      -10.142232568193494
 -290    0    0      -10.142234771573282
 -289    0    0      -10.142236979495799
 -288    0    0      -10.142239191820661
 -287    0    0      -10.142241408402890
 -286    0    0      -10.142243629093068
 -285    0    0      -10.142245853737396
 -284    0    0      -10.142248082177757
 -283    0    0      -10.142250314251942
 -282    0    0      -10.142252549793724
 -281    0    0      -10.142254788632963
 -280    0    0      -10.142257030595927
 -279    0    0      -10.142259275505218
 -278    0    0      -10.142261523180224
 -277    0    0      -10.142263773437136
 -276    0    0      -10.142266026089173
 -275    0    0      -10.142268280946888
 -274    0    0      -10.142270537818245
 -273    0    0      -10.142272796509056
 -272    0    0      -10.142275056823012
 -271    0    0      -10.142277318561952
 -270    0    0      -10.142279581526333
 -269    0    0      -10.142281845515175
 -268    0    0      -10.142284110326484
 -267    0    0      -10.142286375757527
 -266    0    0      -10.142288641605067
 -265    0    0      -10.142290907665492
 -264    0    0      -10.142293173735247
 -263    0    0      -10.142295439611116
 -262    0    0      -10.142297705090225
 -261    0    0      -10.142299969970612
 -260    0    0      -10.142302234051186
 -259    0    0      -10.142304497132217
 -258    0    0      -10.142306759015325
 -257    0    0      -10.142309019503948
 -256    0    0      -10.142311278403419
 -255    0    0      -10.142313535521126
 -254    0    0      -10.142315790666920
 -253    0    0      -10.142318043653068
 -252    0    0      -10.142320294294587
 -251    0    0      -10.142322542409349
 -250    0    0      -10.142324787818229
 -249    0    0      -10.142327030345371
 -248    0    0      -10.142329269818026
 -247    0    0      -10.142331506067045
 -246    0    0      -10.142333738926629
 -245    0    0      -10.142335968234741
 -244    0    0      -10.142338193832865
 -243    0    0      -10.142340415566332
 -242    0    0      -10.142342633284180
 -241    0    0      -10.142344846839274
 -240    0    0      -10.142347056088330
 -239    0    0      -10.142349260891883
 -238    0    0      -10.142351461114261
 -237    0    0      -10.142353656623657
 -236    0    0      -10.142355847291938
 -235    0    0      -10.142358032994771
 -234    0    0      -10.142360213611378
 -233    0    0      -10.142362389024711
 -232    0    0      -10.142364559121049
 -231    0    0      -10.142366723790236
 -230    0    0      -10.142368882925288
 -229    0    0      -10.142371036422512
 -228    0    0      -10.142373184181263
 -227    0    0      -10.142375326103846
 -226    0    0      -10.142377462095407
 -225    0    0      -10.142379592063735
 -224    0    0      -10.142381715919226
 -223    0    0      -10.142383833574590
 -222    0    0      -10.142385944944873
 -221    0    0      -10.142388049947172
 -220    0    0      -10.142390148500567
 -219    0    0      -10.142392240525878
 -218    0    0      -10.142394325945672
 -217    0    0      -10.142396404683852
 -216    0    0      -10.142398476665910
 -215    0    0      -10.142400541818308
 -214    0    0      -10.142402600068671
 -213    0    0      -10.142404651345611
 -212    0    0      -10.142406695578471
 -211    0    0      -10.142408732697268
 -210    0    0      -10.142410762632554
 -209    0    0      -10.142412785315440
 -208    0    0      -10.142414800677212
 -207    0    0      -10.142416808649523
 -206    0    0      -10.142418809164139
 -205    0    0      -10.142420802152895
 -204    0    0      -10.142422787547611
 -203    0    0      -10.142424765280081
 -202    0    0      -10.142426735282056
 -201    0    0      -10.142428697485020
 -200    0    0      -10.142430651820362
 -199    0    0      -10.142432598219198
 -198    0    0      -10.142434536612516
 -197    0    0      -10.142436466931024
 -196    0    0      -10.142438389105283
 -195    0    0      -10.142440303065595
 -194    0    0      -10.142442208742150
 -193    0    0      -10.142444106064971
 -192    0    0      -10.142445994964090
 -191    0    0      -10.142447875369374
 -190    0    0      -10.142449747210815
 -189    0    0      -10.142451610418480
 -188    0    0      -10.142453464922568
 -187    0    0      -10.142455310653656
 -186    0    0      -10.142457147542530
 -185    0    0      -10.142458975520528
 -184    0    0      -10.142460794519398
 -183    0    0      -10.142462604471646
 -182    0    0      -10.142464405310497
 -181    0    0      -10.142466196970030
 -180    0    0      -10.142467979385296
 -179    0    0      -10.142469752492437
 -178    0    0      -10.142471516228742
 -177    0    0      -10.142473270532975
 -176    0    0      -10.142475015345198
 -175    0    0      -10.142476750607088
 -174    0    0      -10.142478476262053
 -173    0    0      -10.142480192255107
 -172    0    0      -10.142481898533376
 -171    0    0      -10.142483595045841
 -170    0    0      -10.142485281743657
 -169    0    0      -10.142486958580188
 -168    0    0      -10.142488625511080
 -167    0    0      -10.142490282494395
 -166    0    0      -10.142491929490701
 -165    0    0      -10.142493566463077
 -164    0    0      -10.142495193377226
 -163    0    0      -10.142496810201584
 -162    0    0      -10.142498416907362
 -161    0    0      -10.142500013468528
 -160    0    0      -10.142501599861955
 -159    0    0      -10.142503176067271
 -158    0    0      -10.142504742067157
 -157    0    0      -10.142506297847136
 -156    0    0      -10.142507843395688
 -155    0    0      -10.142509378704212
 -154    0    0      -10.142510903767031
 -153    0    0      -10.142512418581322
 -152    0    0      -10.142513923147259
 -151    0    0      -10.142515417467674
 -150    0    0      -10.142516901548339
 -149    0    0      -10.142518375397671
 -148    0    0      -10.142519839026804
 -147    0    0      -10.142521292449395
 -146    0    0      -10.142522735681675
 -145    0    0      -10.142524168742300
 -144    0    0      -10.142525591652193
 -143    0    0      -10.142527004434534
 -142    0    0      -10.142528407114591
 -141    0    0      -10.142529799719675
 -140    0    0      -10.142531182278784
 -139    0    0      -10.142532554822825
 -138    0    0      -10.142533917384169
 -137    0    0      -10.142535269996676
 -136    0    0      -10.142536612695366
 -135    0    0      -10.142537945516585
 -134    0    0      -10.142539268497407
 -133    0    0      -10.142540581675940
 -132    0    0      -10.142541885090687
 -131    0    0      -10.142543178780777
 -130    0    0      -10.142544462785491
 -129    0    0      -10.142545737144347
 -128    0    0      -10.142547001896739
 -127    0    0      -10.142548257081724
 -126    0    0      -10.142549502738108
 -125    0    0      -10.142550738903953
 -124    0    0      -10.142551965616612
 -123    0    0      -10.142553182912469
 -122    0    0      -10.142554390826806
 -121    0    0      -10.142555589393652
 -120    0    0      -10.142556778645485
 -119    0    0      -10.142557958613267
 -118    0    0      -10.142559129326177
 -117    0    0      -10.142560290811456
 -116    0    0      -10.142561443094273
 -115    0    0      -10.142562586197663
 -114    0    0      -10.142563720142252
 -113    0    0      -10.142564844946325
 -112    0    0      -10.142565960625468
 -111    0    0      -10.142567067192736
 -110    0    0      -10.142568164658341
 -109    0    0      -10.142569253029631
 -108    0    0      -10.142570332310992
 -107    0    0      -10.142571402503973
 -106    0    0      -10.142572463606850
 -105    0    0      -10.142573515614894
 -104    0    0      -10.142574558520304
 -103    0    0      -10.142575592311969
 -102    0    0      -10.142576616975676
 -101    0    0      -10.142577632494060
 -100    0    0      -10.142578638846540
  -99    0    0      -10.142579636009360
  -98    0    0      -10.142580623955761
  -97    0    0      -10.142581602655788
  -96    0    0      -10.142582572076588
  -95    0    0      -10.142583532182343
  -94    0    0      -10.142584482934307
  -93    0    0      -10.142585424291081
  -92    0    0      -10.142586356208595
  -91    0    0      -10.142587278640182
  -90    0    0      -10.142588191536838
  -89    0    0      -10.142589094847208
  -88    0    0      -10.142589988517933
  -87    0    0      -10.142590872493580
  -86    0    0      -10.142591746717027
  -85    0    0      -10.142592611129377
  -84    0    0      -10.142593465670542
  -83    0    0      -10.142594310278975
  -82    0    0      -10.142595144892161
  -81    0    0      -10.142595969446825
  -80    0    0      -10.142596783879029
  -79    0    0      -10.142597588124367
  -78    0    0      -10.142598382118400
  -77    0    0      -10.142599165796623
  -76    0    0      -10.142599939094795
  -75    0    0      -10.142600701949279
  -74    0    0      -10.142601454297191
  -73    0    0      -10.142602196076483
  -72    0    0      -10.142602927226491
  -71    0    0      -10.142603647687872
  -70    0    0      -10.142604357402970
  -69    0    0      -10.142605056316093
  -68    0    0      -10.142605744373613
  -67    0    0      -10.142606421524286
  -66    0    0      -10.142607087719380
  -65    0    0      -10.142607742912952
  -64    0    0      -10.142608387062008
  -63    0    0      -10.142609020126720
  -62    0    0      -10.142609642070600
  -61    0    0      -10.142610252860646
  -60    0    0      -10.142610852467502
  -59    0    0      -10.142611440865748
  -58    0    0      -10.142612018033759
  -57    0    0      -10.142612583954186
  -56    0    0      -10.142613138613720
  -55    0    0      -10.142613682003446
  -54    0    0      -10.142614214118861
  -53    0    0      -10.142614734959819
  -52    0    0      -10.142615244530797
  -51    0    0      -10.142615742840835
  -50    0    0      -10.142616229903416
  -49    0    0      -10.142616705736806
  -48    0    0      -10.142617170363712
  -47    0    0      -10.142617623811518
  -46    0    0      -10.142618066111968
  -45    0    0      -10.142618497301422
  -44    0    0      -10.142618917420577
  -43    0    0      -10.142619326514321
  -42    0    0      -10.142619724631867
  -41    0    0      -10.142620111826425
  -40    0    0      -10.142620488155135
  -39    0    0      -10.142620853678835
  -38    0    0      -10.142621208462019
  -37    0    0      -10.142621552572574
  -36    0    0      -10.142621886081558
  -35    0    0      -10.142622209063035
  -34    0    0      -10.142622521593818
  -33    0    0      -10.142622823753202
  -32    0    0      -10.142623115622792
  -31    0    0      -10.142623397286169
  -30    0    0      -10.142623668828685
  -29    0    0      -10.142623930337043
  -28    0    0      -10.142624181899162
  -27    0    0      -10.142624423603856
  -26    0    0      -10.142624655540480
  -25    0    0      -10.142624877798568
  -24    0    0      -10.142625090467728
  -23    0    0      -10.142625293637119
  -22    0    0      -10.142625487395222
  -21    0    0      -10.142625671829615
  -20    0    0      -10.142625847026508
  -19    0    0      -10.142626013070489
  -18    0    0      -10.142626170044281
  -17    0    0      -10.142626318028469
  -16    0    0      -10.142626457100976
  -15    0    0      -10.142626587337109
  -14    0    0      -10.142626708809050
  -13    0    0      -10.142626821585651
  -12    0    0      -10.142626925732234
  -11    0    0      -10.142627021310275
  -10    0    0      -10.142627108377269
   -9    0    0      -10.142627186986411
   -8    0    0      -10.142627257186479
   -7    0    0      -10.142627319021583
   -6    0    0      -10.142627372531059
   -5    0    0      -10.142627417749349
   -4    0    0      -10.142627454705719
   -3    0    0      -10.142627483424349
   -2    0    0      -10.142627503924139
   -1    0    0      -10.142627516218541
    0    0    0      -10.142627520315795
    1    0    0      -10.142627516218541
    2    0    0      -10.142627503924139
    3    0    0      -10.142627483424349
    4    0    0      -10.142627454705719
    5    0    0      -10.142627417749349
    6    0    0      -10.142627372531059
    7    0    0      -10.142627319021583
    8    0    0      -10.142627257186479
    9    0    0      -10.142627186986411
   10    0    0      -10.142627108377269
   11    0    0      -10.142627021310275
   12    0    0      -10.142626925732234
   13    0    0      -10.142626821585651
   14    0    0      -10.142626708809050
   15    0    0      -10.142626587337109
   16    0    0      -10.142626457100976
   17    0    0      -10.142626318028469
   18    0    0      -10.142626170044281
   19    0    0      -10.142626013070489
   20    0    0      -10.142625847026508
   21    0    0      -10.142625671829615
   22    0    0      -10.142625487395222
   23    0    0      -10.142625293637119
   24    0    0      -10.142625090467728
   25    0    0      -10.142624877798568
   26    0    0      -10.142624655540480
   27    0    0      -10.142624423603856
   28    0    0      -10.142624181899162
   29    0    0      -10.142623930337043
   30    0    0      -10.142623668828685
   31    0    0      -10.142623397286169
   32    0    0      -10.142623115622792
   33    0    0      -10.142622823753202
   34    0    0      -10.142622521593818
   35    0    0      -10.142622209063035
   36    0    0      -10.142621886081558
   37    0    0      -10.142621552572574
   38    0    0      -10.142621208462019
   39    0    0      -10.142620853678835
   40    0    0      -10.142620488155135
   41    0    0      -10.142620111826425
   42    0    0      -10.142619724631867
   43    0    0      -10.142619326514321
   44    0    0      -10.142618917420577
   45    0    0      -10.142618497301422
   46    0    0      -10.142618066111968
   47    0    0      -10.142617623811518
   48    0    0      -10.142617170363712
   49    0    0      -10.142616705736806
   50    0    0      -10.142616229903416
   51    0    0      -10.142615742840835
   52    0    0      -10.142615244530797
   53    0    0      -10.142614734959819
   54    0    0      -10.142614214118861
   55    0    0      -10.142613682003446
   56    0    0      -10.142613138613720
   57    0    0      -10.142612583954186
   58    0    0      -10.142612018033759
   59    0    0      -10.142611440865748
   60    0    0      -10.142610852467502
   61    0    0      -10.142610252860646
   62    0    0      -10.142609642070600
   63    0    0      -10.142609020126720
   64    0    0      -10.142608387062008
   65    0    0      -10.142607742912952
   66    0    0      -10.142607087719380
   67    0    0      -10.142606421524286
   68    0    0      -10.142605744373613
   69    0    0      -10.142605056316093
   70    0    0      -10.142604357402970
   71    0    0      -10.142603647687872
   72    0    0      -10.142602927226491
   73    0    0      -10.142602196076483
   74    0    0      -10.142601454297191
   75    0    0      -10.142600701949279
   76    0    0      -10.142599939094795
   77    0    0      -10.142599165796623
   78    0    0      -10.142598382118400
   79    0    0      -10.142597588124367
   80    0    0      -10.142596783879029
   81    0    0      -10.142595969446825
   82    0    0      -10.142595144892161
   83    0    0      -10.142594310278975
   84    0    0      -10.142593465670542
   85    0    0      -10.142592611129377
   86    0    0      -10.142591746717027
   87    0    0      -10.142590872493580
   88    0    0      -10.142589988517933
   89    0    0      -10.142589094847208
   90    0    0      -10.142588191536838
   91    0    0      -10.142587278640182
   92    0    0      -10.142586356208595
   93    0    0      -10.142585424291081
   94    0    0      -10.142584482934307
   95    0    0      -10.142583532182343
   96    0    0      -10.142582572076588
   97    0    0      -10.142581602655788
   98    0    0      -10.142580623955761
   99    0    0      -10.142579636009360
  100    0    0      -10.142578638846540
  101    0    0      -10.142577632494060
  102    0    0      -10.142576616975676
  103    0    0      -10.142575592311969
  104    0    0      -10.142574558520304
  105    0    0      -10.142573515614894
  106    0    0      -10.142572463606850
  107    0    0      -10.142571402503973
  108    0    0      -10.142570332310992
  109    0    0      -10.142569253029631
  110    0    0      -10.142568164658341
  111    0    0      -10.142567067192736
  112    0    0      -10.142565960625468
  113    0    0      -10.142564844946325
  114    0    0      -10.142563720142252
  115    0    0      -10.142562586197663
  116    0    0      -10.142561443094273
  117    0    0      -10.142560290811456
  118    0    0      -10.142559129326177
  119    0    0      -10.142557958613267
  120    0    0      -10.142556778645485
  121    0    0      -10.142555589393652
  122    0    0      -10.142554390826806
  123    0    0      -10.142553182912469
  124    0    0      -10.142551965616612
  125    0    0      -10.142550738903953
  126    0    0      -10.142549502738108
  127    0    0      -10.142548257081724
  128    0    0      -10.142547001896739
  129    0    0      -10.142545737144347
  130    0    0      -10.142544462785491
  131    0    0      -10.142543178780777
  132    0    0      -10.142541885090687
  133    0    0      -10.142540581675940
  134    0    0      -10.142539268497407
  135    0    0      -10.142537945516585
  136    0    0      -10.142536612695366
  137    0    0      -10.142535269996676
  138    0    0      -10.142533917384169
  139    0    0      -10.142532554822825
  140    0    0      -10.142531182278784
  141    0    0      -10.142529799719675
  142    0    0      -10.142528407114591
  143    0    0      -10.142527004434534
  144    0    0      -10.142525591652193
  145    0    0      -10.142524168742300
  146    0    0      -10.142522735681675
  147    0    0      -10.142521292449395
  148    0    0      -10.142519839026804
  149    0    0      -10.142518375397671
  150    0    0      -10.142516901548339
  151    0    0      -10.142515417467674
  152    0    0      -10.142513923147259
  153    0    0      -10.142512418581322
  154    0    0      -10.142510903767031
  155    0    0      -10.142509378704212
  156    0    0      -10.142507843395688
  157    0    0      -10.142506297847136
  158    0    0      -10.142504742067157
  159    0    0      -10.142503176067271
  160    0    0      -10.142501599861955
  161    0    0      -10.142500013468528
  162    0    0      -10.142498416907362
  163    0    0      -10.142496810201584
  164    0    0      -10.142495193377226
  165    0    0      -10.142493566463077
  166    0    0      -10.142491929490701
  167    0    0      -10.142490282494395
  168    0    0      -10.142488625511080
  169    0    0      -10.142486958580188
  170    0    0      -10.142485281743657
  171    0    0      -10.142483595045841
  172    0    0      -10.142481898533376
  173    0    0      -10.142480192255107
  174    0    0      -10.142478476262053
  175    0    0      -10.142476750607088
  176    0    0      -10.142475015345198
  177    0    0      -10.142473270532975
  178    0    0      -10.142471516228742
  179    0    0      -10.142469752492437
  180    0    0      -10.142467979385296
  181    0    0      -10.142466196970030
  182    0    0      -10.142464405310497
  183    0    0      -10.142462604471646
  184    0    0      -10.142460794519398
  185    0    0      -10.142458975520528
  186    0    0      -10.142457147542530
  187    0    0      -10.142455310653656
  188    0    0      -10.142453464922568
  189    0    0      -10.142451610418480
  190    0    0      -10.142449747210815
  191    0    0      -10.142447875369374
  192    0    0      -10.142445994964090
  193    0    0      -10.142444106064971
  194    0    0      -10.142442208742150
  195    0    0      -10.142440303065595
  196    0    0      -10.142438389105283
  197    0    0      -10.142436466931024
  198    0    0      -10.142434536612516
  199    0    0      -10.142432598219198
  200    0    0      -10.142430651820362
  201    0    0      -10.142428697485020
  202    0    0      -10.142426735282056
  203    0    0      -10.142424765280081
  204    0    0      -10.142422787547611
  205    0    0      -10.142420802152895
  206    0    0      -10.142418809164139
  207    0    0      -10.142416808649523
  208    0    0      -10.142414800677212
  209    0    0      -10.142412785315440
  210    0    0      -10.142410762632554
  211    0    0      -10.142408732697268
  212    0    0      -10.142406695578471
  213    0    0      -10.142404651345611
  214    0    0      -10.142402600068671
  215    0    0      -10.142400541818308
  216    0    0      -10.142398476665910
  217    0    0      -10.142396404683852
  218    0    0      -10.142394325945672
  219    0    0      -10.142392240525878
  220    0    0      -10.142390148500567
  221    0    0      -10.142388049947172
  222    0    0      -10.142385944944873
  223    0    0      -10.142383833574590
  224    0    0      -10.142381715919226
  225    0    0      -10.142379592063735
  226    0    0      -10.142377462095407
  227    0    0      -10.142375326103846
  228    0    0      -10.142373184181263
  229    0    0      -10.142371036422512
  230    0    0      -10.142368882925288
  231    0    0      -10.142366723790236
  232    0    0      -10.142364559121049
  233    0    0      -10.142362389024711
  234    0    0      -10.142360213611378
  235    0    0      -10.142358032994771
  236    0    0      -10.142355847291938
  237    0    0      -10.142353656623657
  238    0    0      -10.142351461114261
  239    0    0      -10.142349260891883
  240    0    0      -10.142347056088330
  241    0    0      -10.142344846839274
  242    0    0      -10.142342633284180
  243    0    0      -10.142340415566332
  244    0    0      -10.142338193832865
  245    0    0      -10.142335968234741
  246    0    0      -10.142333738926629
  247    0    0      -10.142331506067045
  248    0    0      -10.142329269818026
  249    0    0      -10.142327030345371
  250    0    0      -10.142324787818229
  251    0    0      -10.142322542409349
  252    0    0      -10.142320294294587
  253    0    0      -10.142318043653068
  254    0    0      -10.142315790666920
  255    0    0      -10.142313535521126
  256    0    0      -10.142311278403419
  257    0    0      -10.142309019503948
  258    0    0      -10.142306759015325
  259    0    0      -10.142304497132217
  260    0    0      -10.142302234051186
  261    0    0      -10.142299969970612
  262    0    0      -10.142297705090225
  263    0    0      -10.142295439611116
  264    0    0      -10.142293173735247
  265    0    0      -10.142290907665492
  266    0    0      -10.142288641605067
  267    0    0      -10.142286375757527
  268    0    0      -10.142284110326484
  269    0    0      -10.142281845515175
  270    0    0      -10.142279581526333
  271    0    0      -10.142277318561952
  272    0    0      -10.142275056823012
  273    0    0      -10.142272796509056
  274    0    0      -10.142270537818245
  275    0    0      -10.142268280946888
  276    0    0      -10.142266026089173
  277    0    0      -10.142263773437136
  278    0    0      -10.142261523180224
  279    0    0      -10.142259275505218
  280    0    0      -10.142257030595927
  281    0    0      -10.142254788632963
  282    0    0      -10.142252549793724
  283    0    0      -10.142250314251942
  284    0    0      -10.142248082177757
  285    0    0      -10.142245853737396
  286    0    0      -10.142243629093068
  287    0    0      -10.142241408402890
  288    0    0      -10.142239191820661
  289    0    0      -10.142236979495799
  290    0    0      -10.142234771573282
  291    0    0      -10.142232568193494
  292    0    0      -10.142230369492220
  293    0    0      -10.142228175600508
  294    0    0      -10.142225986644718
  295    0    0      -10.142223802746448
  296    0    0      -10.142221624022547
  297    0    0      -10.142219450585019
  298    0    0      -10.142217282541191
  299    0    0      -10.142215119993617
  300    0    0      -10.142212963040162
  301    0    0      -10.142210811774024
  302    0    0      -10.142208666283919
  303    0    0      -10.142206526653915
  304    0    0      -10.142204392963748
  305    0    0      -10.142202265288844
  306    0    0      -10.142200143700370
  307    0    0      -10.142198028265399
  308    0    0      -10.142195919047072
  309    0    0      -10.142193816104641
  310    0    0      -10.142191719493688
  311    0    0      -10.142189629266236
  312    0    0      -10.142187545470918
  313    0    0      -10.142185468153182
  314    0    0      -10.142183397355316
  315    0    0      -10.142181333116822
  316    0    0      -10.142179275474387
  317    0    0      -10.142177224462282
  318    0    0      -10.142175180112288
  319    0    0      -10.142173142454089
  320    0    0      -10.142171111515433
  321    0    0      -10.142169087322145
  322    0    0      -10.142167069898491
  323    0    0      -10.142165059267366
  324    0    0      -10.142163055450332
  325    0    0      -10.142161058467954
  326    0    0      -10.142159068339852
  327    0    0      -10.142157085085016
  328    0    0      -10.142155108721871
  329    0    0      -10.142153139268485
  330    0    0      -10.142151176742754
  331    0    0      -10.142149221162557
  332    0    0      -10.142147272545900
  333    0    0      -10.142145330911028
  334    0    0      -10.142143396276776
  335    0    0      -10.142141468662386
  336    0    0      -10.142139548087895
  337    0    0      -10.142137634574224
  338    0    0      -10.142135728143241
  339    0    0      -10.142133828817849
  340    0    0      -10.142131936622242
  341    0    0      -10.142130051581850
  342    0    0      -10.142128173723592
  343    0    0      -10.142126303075745
  344    0    0      -10.142124439668249
  345    0    0      -10.142122583532680
  346    0    0      -10.142120734702333
  347    0    0      -10.142118893212253
  348    0    0      -10.142117059099364
  349    0    0      -10.142115232402356
  350    0    0      -10.142113413161940
  351    0    0      -10.142111601420751
  352    0    0      -10.142109797223343
  353    0    0      -10.142108000616222
  354    0    0      -10.142106211648011
  355    0    0      -10.142104430369246
  356    0    0      -10.142102656832481
  357    0    0      -10.142100891092182
  358    0    0      -10.142099133204924
  359    0    0      -10.142097383229085
  360    0    0      -10.142095641225051
  361    0    0      -10.142093907255088
  362    0    0      -10.142092181383322
  363    0    0      -10.142090463675581
  364    0    0      -10.142088754199584
  365    0    0      -10.142087053024689
  366    0    0      -10.142085360221927
  367    0    0      -10.142083675863882
  368    0    0      -10.142082000024677
  369    0    0      -10.142080332779933
  370    0    0      -10.142078674206600
  371    0    0      -10.142077024382925
  372    0    0      -10.142075383388411
  373    0    0      -10.142073751303743
  374    0    0      -10.142072128210565
  375    0    0      -10.142070514191678
  376    0    0      -10.142068909330590
  377    0    0      -10.142067313711738
  378    0    0      -10.142065727420245
  379    0    0      -10.142064150541838
  380    0    0      -10.142062583162838
  381    0    0      -10.142061025369948
  382    0    0      -10.142059477250299
  383    0    0      -10.142057938891245
  384    0    0      -10.142056410380277
  385    0    0      -10.142054891805076
  386    0    0      -10.142053383253243
  387    0    0      -10.142051884812293
  388    0    0      -10.142050396569640
  389    0    0      -10.142048918612318
  390    0    0      -10.142047451027073
  391    0    0      -10.142045993900286
  392    0    0      -10.142044547317731
  393    0    0      -10.142043111364671
  394    0    0      -10.142041686125689
  395    0    0      -10.142040271684682
  396    0    0      -10.142038868124633
  397    0    0      -10.142037475527788
  398    0    0      -10.142036093975447
  399    0    0      -10.142034723547871
  400    0    0      -10.142033364324414
  401    0    0      -10.142032016383205
  402    0    0      -10.142030679801277
  403    0    0      -10.142029354654582
  404    0    0      -10.142028041017685
  405    0    0      -10.142026738964029
  406    0    0      -10.142025448565747
  407    0    0      -10.142024169893633
  408    0    0      -10.142022903017118
  409    0    0      -10.142021648004325
  410    0    0      -10.142020404921983
  411    0    0      -10.142019173835397
  412    0    0      -10.142017954808580
  413    0    0      -10.142016747904021
  414    0    0      -10.142015553182876
  415    0    0      -10.142014370704848
  416    0    0      -10.142013200528389
  417    0    0      -10.142012042710398
  418    0    0      -10.142010897306550
  419    0    0      -10.142009764371064
  420    0    0      -10.142008643956864
  421    0    0      -10.142007536115642
  422    0    0      -10.142006440897710
  423    0    0      -10.142005358352222
  424    0    0      -10.142004288527056
  425    0    0      -10.142003231468969
  426    0    0      -10.142002187223500
  427    0    0      -10.142001155835118
  428    0    0      -10.142000137347313
  429    0    0      -10.141999131802399
  430    0    0      -10.141998139241817
  431    0    0      -10.141997159706026
  432    0    0      -10.141996193234625
  433    0    0      -10.141995239866384
  434    0    0      -10.141994299639254
  435    0    0      -10.141993372590402
  436    0    0      -10.141992458756297
  437    0    0      -10.141991558172865
  438    0    0      -10.141990670875298
  439    0    0      -10.141989796898226
  440    0    0      -10.141988936275787
  441    0    0      -10.141988089041686
  442    0    0      -10.141987255229107
  443    0    0      -10.141986434870873
  444    0    0      -10.141985627999405
  445    0    0      -10.141984834646893
  446    0    0      -10.141984054845144
  447    0    0      -10.141983288625768
  448    0    0      -10.141982536020079
  449    0    0      -10.141981797059245
  450    0    0      -10.141981071774248
  451    0    0      -10.141980360195886
  452    0    0      -10.141979662354832
  453    0    0      -10.141978978281672
  454    0    0      -10.141978308006838
  455    0    0      -10.141977651560632
  456    0    0      -10.141977008973395
  457    0    0      -10.141976380275235
  458    0    0      -10.141975765496218
  459    0    0      -10.141975164666372
  460    0    0      -10.141974577815613
  461    0    0      -10.141974004973633
  462    0    0      -10.141973446170169
  463    0    0      -10.141972901434777
  464    0    0      -10.141972370796811
  465    0    0      -10.141971854285526
  466    0    0      -10.141971351929945
  467    0    0      -10.141970863758893
  468    0    0      -10.141970389800973
  469    0    0      -10.141969930084480
  470    0    0      -10.141969484637377
  471    0    0      -10.141969053487419
  472    0    0      -10.141968636661863
  473    0    0      -10.141968234187626
  474    0    0      -10.141967846091163
  475    0    0      -10.141967472398422
  476    0    0      -10.141967113134855
  477    0    0      -10.141966768325343
  478    0    0      -10.141966437994141
  479    0    0      -10.141966122164906
  480    0    0      -10.141965820860568
  481    0    0      -10.141965534103306
  482    0    0      -10.141965261914567
  483    0    0      -10.141965004315008
  484    0    0      -10.141964761324346
  485    0    0      -10.141964532961492
  486    0    0      -10.141964319244337
  487    0    0      -10.141964120189895
  488    0    0      -10.141963935814138
  489    0    0      -10.141963766132008
  490    0    0      -10.141963611157351
  491    0    0      -10.141963470902905
  492    0    0      -10.141963345380358
  493    0    0      -10.141963234600171
  494    0    0      -10.141963138571658
  495    0    0      -10.141963057302940
  496    0    0      -10.141962990800875
  497    0    0      -10.141962939071149
  498    0    0      -10.141962902118189
  499    0    0      -10.141962879945151
  500    0    0      -10.141962872553943
