 -500    0    0       -0.458680684359169
 -499    0    0       -0.458678620572946
 -498    0    0       -0.458672430303403
 -497    0    0       -0.458662116821833
 -496    0    0       -0.458647685593462
 -495    0    0       -0.458629144297220
 -494    0    0       -0.458606502853490
 -493    0    0       -0.458579773460145
 -492    0    0       -0.458548970637064
 -491    0    0       -0.458514111279371
 -490    0    0       -0.458475214719798
 -489    0    0       -0.458432302800524
 -488    0    0       -0.458385399954994
 -487    0    0       -0.458334533300239
 -486    0    0       -0.458279732740272
 -485    0    0       -0.458221031081340
 -484    0    0       -0.458158464159666
 -483    0    0       -0.458092070982666
 -482    0    0       -0.458021893884524
 -481    0    0       -0.457947978697239
 -480    0    0       -0.457870374938274
 -479    0    0       -0.457789136016183
 -478    0    0       -0.457704319455603
 -477    0    0       -0.457615987143256
 -476    0    0       -0.457524205596674
 -475    0    0       -0.457429046257661
 -474    0    0       -0.457330585812505
 -473    0    0       -0.457228906541433
 -472    0    0       -0.457124096699745
 -471    0    0       -0.457016250933525
 -470    0    0       -0.456905470732962
 -469    0    0       -0.456791864926672
 -468    0    0       -0.456675550220685
 -467    0    0       -0.456556651786052
 -466    0    0       -0.456435303899404
 -465    0    0       -0.456311650641140
 -464    0    0       -0.456185846656258
 -463    0    0       -0.456058057983155
 -462    0    0       -0.455928462956179
 -461    0    0       -0.455797253187915
 -460    0    0       -0.455664634637513
 -459    0    0       -0.455530828771642
 -458    0    0       -0.455396073824577
 -457    0    0       -0.455260626164138
 -456    0    0       -0.455124761769788
 -455    0    0       -0.454988777828830
 -454    0    0       -0.454852994455673
 -453    0    0       -0.454717756538075
 -452    0    0       -0.454583435712272
 -451    0    0       -0.454450432466227
 -450    0    0       -0.454319178366991
 -449    0    0       -0.454190138403322
 -448    0    0       -0.454063813428645
 -447    0    0       -0.453940742681905
 -446    0    0       -0.453821506353994
 -445    0    0       -0.453706728155428
 -444    0    0       -0.453597077826528
 -443    0    0       -0.453493273513609
 -442    0    0       -0.453396083914505
 -441    0    0       -0.453306330073190
 -440    0    0       -0.453224886677484
 -439    0    0       -0.453152682685994
 -438    0    0       -0.453090701082471
 -437    0    0       -0.453039977529351
 -436    0    0       -0.453001597670828
 -435    0    0       -0.452976692822896
 -434    0    0       -0.452966433789106
 -433    0    0       -0.452972022561227
 -432    0    0       -0.452994681710336
 -431    0    0       -0.453035641350854
 -430    0    0       -0.453096123671505
 -429    0    0       -0.453177325173645
 -428    0    0       -0.453280396933588
 -427    0    0       -0.453406423401461
 -426    0    0       -0.453556400446811
 -425    0    0       -0.453731213537750
 -424    0    0       -0.453931617069542
 -423    0    0       -0.454158215914138
 -422    0    0       -0.454411450225196
 -421    0    0       -0.454691584394676
 -420    0    0       -0.454998700823558
 -419    0    0       -0.455332698862388
 -418    0    0       -0.455693298931073
 -417    0    0       -0.456080051483586
 -416    0    0       -0.456492350181643
 -415    0    0       -0.456929448415144
 -414    0    0       -0.457390478174912
 -413    0    0       -0.457874470249087
 -412    0    0       -0.458380374768826
 -411    0    0       -0.458907081251277
 -410    0    0       -0.459453437453937
 -409    0    0       -0.460018266539258
 -408    0    0       -0.460600382230452
 -407    0    0       -0.461198601803359
 -406    0    0       -0.461811756895205
 -405    0    0       -0.462438702215488
 -404    0    0       -0.463078322317176
 -403    0    0       -0.463729536631422
 -402    0    0       -0.464391302990826
 -401    0    0       -0.465062619870279
 -400    0    0       -0.465742527565735
 -399    0    0       -0.466430108514283
 -398    0    0       -0.467124486937155
 -397    0    0       -0.467824827963809
 -396    0    0       -0.468530336371429
 -395    0    0       -0.469240255051839
 -394    0    0       -0.469953863297411
 -393    0    0       -0.470670474979433
 -392    0    0       -0.471389436676954
 -391    0    0       -0.472110125800732
 -390    0    0       -0.472831948746246
 -389    0    0       -0.473554339100474
 -388    0    0       -0.474276755920112
 -387    0    0       -0.474998682093051
 -386    0    0       -0.475719622790430
 -385    0    0       -0.476439104013057
 -384    0    0       -0.477156671233413
 -383    0    0       -0.477871888132352
 -382    0    0       -0.478584335428279
 -381    0    0       -0.479293609795467
 -380    0    0       -0.479999322867590
 -379    0    0       -0.480701100322014
 -378    0    0       -0.481398581040255
 -377    0    0       -0.482091416339829
 -376    0    0       -0.482779269272866
 -375    0    0       -0.483461813986805
 -374    0    0       -0.484138735142761
 -373    0    0       -0.484809727387366
 -372    0    0       -0.485474494873916
 -371    0    0       -0.486132750829139
 -370    0    0       -0.486784217161921
 -369    0    0       -0.487428624110654
 -368    0    0       -0.488065709926071
 -367    0    0       -0.488695220586636
 -366    0    0       -0.489316909543795
 -365    0    0       -0.489930537494486
 -364    0    0       -0.490535872178650
 -363    0    0       -0.491132688199489
 -362    0    0       -0.491720766864449
 -361    0    0       -0.492299896045079
 -360    0    0       -0.492869870053916
 -359    0    0       -0.493430489536909
 -358    0    0       -0.493981561379679
 -357    0    0       -0.494522898626341
 -356    0    0       -0.495054320409469
 -355    0    0       -0.495575651890009
 -354    0    0       -0.496086724205957
 -353    0    0       -0.496587374428731
 -352    0    0       -0.497077445526173
 -351    0    0       -0.497556786331304
 -350    0    0       -0.498025251515868
 -349    0    0       -0.498482701567829
 -348    0    0       -0.498929002772107
 -347    0    0       -0.499364027193641
 -346    0    0       -0.499787652662323
 -345    0    0       -0.500199762758927
 -344    0    0       -0.500600246801559
 -343    0    0       -0.500988999832013
 -342    0    0       -0.501365922601510
 -341    0    0       -0.501730921555307
 -340    0    0       -0.502083908815758
 -339    0    0       -0.502424802163409
 -338    0    0       -0.502753525015668
 -337    0    0       -0.503070006402807
 -336    0    0       -0.503374180940897
 -335    0    0       -0.503665988801450
 -334    0    0       -0.503945375677474
 -333    0    0       -0.504212292745768
 -332    0    0       -0.504466696625231
 -331    0    0       -0.504708549331103
 -330    0    0       -0.504937818224868
 -329    0    0       -0.505154475959993
 -328    0    0       -0.505358500423109
 -327    0    0       -0.505549874670891
 -326    0    0       -0.505728586862485
 -325    0    0       -0.505894630187551
 -324    0    0       -0.506048002789946
 -323    0    0       -0.506188707687174
 -322    0    0       -0.506316752685646
 -321    0    0       -0.506432150291951
 -320    0    0       -0.506534917620176
 -319    0    0       -0.506625076295547
 -318    0    0       -0.506702652354553
 -317    0    0       -0.506767676141671
 -316    0    0       -0.506820182203046
 -315    0    0       -0.506860209177256
 -314    0    0       -0.506887799683438
 -313    0    0       -0.506903000207058
 -312    0    0       -0.506905860983542
 -311    0    0       -0.506896435880095
 -310    0    0       -0.506874782275894
 -309    0    0       -0.506840960941088
 -308    0    0       -0.506795035914722
 -307    0    0       -0.506737074381972
 -306    0    0       -0.506667146550946
 -305    0    0       -0.506585325529347
 -304    0    0       -0.506491687201238
 -303    0    0       -0.506386310104222
 -302    0    0       -0.506269275307241
 -301    0    0       -0.506140666289389
 -300    0    0       -0.506000568819766
 -299    0    0       -0.505849070838838
 -298    0    0       -0.505686262341375
 -297    0    0       -0.505512235261254
 -296    0    0       -0.505327083358315
 -295    0    0       -0.505130902107423
 -294    0    0       -0.504923788590012
 -293    0    0       -0.504705841388120
 -292    0    0       -0.504477160481218
 -291    0    0       -0.504237847145864
 -290    0    0       -0.503988003858318
 -289    0    0       -0.503727734200246
 -288    0    0       -0.503457142767569
 -287    0    0       -0.503176335082542
 -286    0    0       -0.502885417509140
 -285    0    0       -0.502584497171729
 -284    0    0       -0.502273681877082
 -283    0    0       -0.501953080039804
 -282    0    0       -0.501622800611074
 -281    0    0       -0.501282953010730
 -280    0    0       -0.500933647062673
 -279    0    0       -0.500574992933518
 -278    0    0       -0.500207101074519
 -277    0    0       -0.499830082166569
 -276    0    0       -0.499444047068348
 -275    0    0       -0.499049106767413
 -274    0    0       -0.498645372334230
 -273    0    0       -0.498232954879010
 -272    0    0       -0.497811965511221
 -271    0    0       -0.497382515301700
 -270    0    0       -0.496944715247277
 -269    0    0       -0.496498676237716
 -268    0    0       -0.496044509024907
 -267    0    0       -0.495582324194163
 -266    0    0       -0.495112232137550
 -265    0    0       -0.494634343029016
 -264    0    0       -0.494148766801337
 -263    0    0       -0.493655613124650
 -262    0    0       -0.493154991386500
 -261    0    0       -0.492647010673306
 -260    0    0       -0.492131779753075
 -259    0    0       -0.491609407059350
 -258    0    0       -0.491080000676208
 -257    0    0       -0.490543668324232
 -256    0    0       -0.490000517347464
 -255    0    0       -0.489450654701081
 -254    0    0       -0.488894186939890
 -253    0    0       -0.488331220207485
 -252    0    0       -0.487761860226029
 -251    0    0       -0.487186212286605
 -250    0    0       -0.486604381240077
 -249    0    0       -0.486016471488465
 -248    0    0       -0.485422586976727
 -247    0    0       -0.484822831185025
 -246    0    0       -0.484217307121357
 -245    0    0       -0.483606117314549
 -244    0    0       -0.482989363807699
 -243    0    0       -0.482367148151927
 -242    0    0       -0.481739571400535
 -241    0    0       -0.481106734103528
 -240    0    0       -0.480468736302501
 -239    0    0       -0.479825677525940
 -238    0    0       -0.479177656784899
 -237    0    0       -0.478524772569113
 -236    0    0       -0.477867122843510
 -235    0    0       -0.477204805045154
 -234    0    0       -0.476537916080694
 -233    0    0       -0.475866552324211
 -232    0    0       -0.475190809615623
 -231    0    0       -0.474510783259496
 -230    0    0       -0.473826568024468
 -229    0    0       -0.473138258143104
 -228    0    0       -0.472445947312322
 -227    0    0       -0.471749728694372
 -226    0    0       -0.471049694918306
 -225    0    0       -0.470345938082050
 -224    0    0       -0.469638549754989
 -223    0    0       -0.468927620981094
 -222    0    0       -0.468213242282634
 -221    0    0       -0.467495503664382
 -220    0    0       -0.466774494618334
 -219    0    0       -0.466050304129024
 -218    0    0       -0.465323020679255
 -217    0    0       -0.464592732256335
 -216    0    0       -0.463859526358858
 -215    0    0       -0.463123490003813
 -214    0    0       -0.462384709734168
 -213    0    0       -0.461643271626921
 -212    0    0       -0.460899261301407
 -211    0    0       -0.460152763928016
 -210    0    0       -0.459403864237212
 -209    0    0       -0.458652646528843
 -208    0    0       -0.457899194681656
 -207    0    0       -0.457143592163086
 -206    0    0       -0.456385922039154
 -205    0    0       -0.455626266984569
 -204    0    0       -0.454864709292892
 -203    0    0       -0.454101330886749
 -202    0    0       -0.453336213328115
 -201    0    0       -0.452569437828537
 -200    0    0       -0.451801085259353
 -199    0    0       -0.451031236161732
 -198    0    0       -0.450259970756667
 -197    0    0       -0.449487368954764
 -196    0    0       -0.448713510365781
 -195    0    0       -0.447938474307973
 -194    0    0       -0.447162339817106
 -193    0    0       -0.446385185655173
 -192    0    0       -0.445607090318730
 -191    0    0       -0.444828132046870
 -190    0    0       -0.444048388828709
 -189    0    0       -0.443267938410501
 -188    0    0       -0.442486858302179
 -187    0    0       -0.441705225783427
 -186    0    0       -0.440923117909223
 -185    0    0       -0.440140611514800
 -184    0    0       -0.439357783219984
 -183    0    0       -0.438574709433016
 -182    0    0       -0.437791466353667
 -181    0    0       -0.437008129975789
 -180    0    0       -0.436224776089149
 -179    0    0       -0.435441480280681
 -178    0    0       -0.434658317935017
 -177    0    0       -0.433875364234396
 -176    0    0       -0.433092694157880
 -175    0    0       -0.432310382479917
 -174    0    0       -0.431528503768248
 -173    0    0       -0.430747132381148
 -172    0    0       -0.429966342464046
 -171    0    0       -0.429186207945481
 -170    0    0       -0.428406802532474
 -169    0    0       -0.427628199705263
 -168    0    0       -0.426850472711510
 -167    0    0       -0.426073694559866
 -166    0    0       -0.425297938013080
 -165    0    0       -0.424523275580536
 -164    0    0       -0.423749779510287
 -163    0    0       -0.422977521780701
 -162    0    0       -0.422206574091621
 -161    0    0       -0.421437007855060
 -160    0    0       -0.420668894185657
 -159    0    0       -0.419902303890675
 -158    0    0       -0.419137307459723
 -157    0    0       -0.418373975054200
 -156    0    0       -0.417612376496487
 -155    0    0       -0.416852581258916
 -154    0    0       -0.416094658452552
 -153    0    0       -0.415338676815835
 -152    0    0       -0.414584704703059
 -151    0    0       -0.413832810072832
 -150    0    0       -0.413083060476399
 -149    0    0       -0.412335523045964
 -148    0    0       -0.411590264483035
 -147    0    0       -0.410847351046745
 -146    0    0       -0.410106848542249
 -145    0    0       -0.409368822309207
 -144    0    0       -0.408633337210335
 -143    0    0       -0.407900457620148
 -142    0    0       -0.407170247413758
 -141    0    0       -0.406442769955926
 -140    0    0       -0.405718088090227
 -139    0    0       -0.404996264128502
 -138    0    0       -0.404277359840469
 -137    0    0       -0.403561436443577
 -136    0    0       -0.402848554593172
 -135    0    0       -0.402138774372883
 -134    0    0       -0.401432155285260
 -133    0    0       -0.400728756242793
 -132    0    0       -0.400028635559142
 -131    0    0       -0.399331850940724
 -130    0    0       -0.398638459478598
 -129    0    0       -0.397948517640690
 -128    0    0       -0.397262081264326
 -127    0    0       -0.396579205549114
 -126    0    0       -0.395899945050148
 -125    0    0       -0.395224353671567
 -124    0    0       -0.394552484660434
 -123    0    0       -0.393884390600969
 -122    0    0       -0.393220123409139
 -121    0    0       -0.392559734327547
 -120    0    0       -0.391903273920704
 -119    0    0       -0.391250792070606
 -118    0    0       -0.390602337972661
 -117    0    0       -0.389957960131970
 -116    0    0       -0.389317706359880
 -115    0    0       -0.388681623770927
 -114    0    0       -0.388049758780054
 -113    0    0       -0.387422157100176
 -112    0    0       -0.386798863740023
 -111    0    0       -0.386179923002352
 -110    0    0       -0.385565378482374
 -109    0    0       -0.384955273066541
 -108    0    0       -0.384349648931626
 -107    0    0       -0.383748547544057
 -106    0    0       -0.383152009659540
 -105    0    0       -0.382560075322970
 -104    0    0       -0.381972783868596
 -103    0    0       -0.381390173920485
 -102    0    0       -0.380812283393165
 -101    0    0       -0.380239149492604
 -100    0    0       -0.379670808717414
  -99    0    0       -0.379107296860275
  -98    0    0       -0.378548649009596
  -97    0    0       -0.377994899551448
  -96    0    0       -0.377446082171674
  -95    0    0       -0.376902229858287
  -94    0    0       -0.376363374904004
  -93    0    0       -0.375829548909072
  -92    0    0       -0.375300782784275
  -91    0    0       -0.374777106754144
  -90    0    0       -0.374258550360387
  -89    0    0       -0.373745142465504
  -88    0    0       -0.373236911256645
  -87    0    0       -0.372733884249599
  -86    0    0       -0.372236088293062
  -85    0    0       -0.371743549573015
  -84    0    0       -0.371256293617352
  -83    0    0       -0.370774345300689
  -82    0    0       -0.370297728849360
  -81    0    0       -0.369826467846574
  -80    0    0       -0.369360585237830
  -79    0    0       -0.368900103336436
  -78    0    0       -0.368445043829271
  -77    0    0       -0.367995427782728
  -76    0    0       -0.367551275648816
  -75    0    0       -0.367112607271492
  -74    0    0       -0.366679441893113
  -73    0    0       -0.366251798161135
  -72    0    0       -0.365829694134982
  -71    0    0       -0.365413147293073
  -70    0    0       -0.365002174540062
  -69    0    0       -0.364596792214227
  -68    0    0       -0.364197016095080
  -67    0    0       -0.363802861411147
  -66    0    0       -0.363414342847885
  -65    0    0       -0.363031474555862
  -64    0    0       -0.362654270159001
  -63    0    0       -0.362282742763120
  -62    0    0       -0.361916904964537
  -61    0    0       -0.361556768858914
  -60    0    0       -0.361202346050231
  -59    0    0       -0.360853647659937
  -58    0    0       -0.360510684336252
  -57    0    0       -0.360173466263646
  -56    0    0       -0.359842003172407
  -55    0    0       -0.359516304348447
  -54    0    0       -0.359196378643147
  -53    0    0       -0.358882234483409
  -52    0    0       -0.358573879881810
  -51    0    0       -0.358271322446865
  -50    0    0       -0.357974569393403
  -49    0    0       -0.357683627553064
  -48    0    0       -0.357398503384894
  -47    0    0       -0.357119202985992
  -46    0    0       -0.356845732102279
  -45    0    0       -0.356578096139305
  -44    0    0       -0.356316300173117
  -43    0    0       -0.356060348961206
  -42    0    0       -0.355810246953437
  -41    0    0       -0.355565998303061
  -40    0    0       -0.355327606877702
  -39    0    0       -0.355095076270345
  -38    0    0       -0.354868409810341
  -37    0    0       -0.354647610574364
  -36    0    0       -0.354432681397342
  -35    0    0       -0.354223624883343
  -34    0    0       -0.354020443416382
  -33    0    0       -0.353823139171143
  -32    0    0       -0.353631714123661
  -31    0    0       -0.353446170061838
  -30    0    0       -0.353266508595864
  -29    0    0       -0.353092731168524
  -28    0    0       -0.352924839065326
  -27    0    0       -0.352762833424473
  -26    0    0       -0.352606715246679
  -25    0    0       -0.352456485404781
  -24    0    0       -0.352312144653120
  -23    0    0       -0.352173693636770
  -22    0    0       -0.352041132900447
  -21    0    0       -0.351914462897265
  -20    0    0       -0.351793683997145
  -19    0    0       -0.351678796495015
  -18    0    0       -0.351569800618685
  -17    0    0       -0.351466696536456
  -16    0    0       -0.351369484364386
  -15    0    0       -0.351278164173264
  -14    0    0       -0.351192735995217
  -13    0    0       -0.351113199830017
  -12    0    0       -0.351039555650991
  -11    0    0       -0.350971803410589
  -10    0    0       -0.350909943045584
   -9    0    0       -0.350853974481853
   -8    0    0       -0.350803897638834
   -7    0    0       -0.350759712433512
   -6    0    0       -0.350721418784049
   -5    0    0       -0.350689016612990
   -4    0    0       -0.350662505850045
   -3    0    0       -0.350641886434461
   -2    0    0       -0.350627158316966
   -1    0    0       -0.350618321461288
    0    0    0       -0.350615375845222
    1    0    0       -0.350618321461288
    2    0    0       -0.350627158316966
    3    0    0       -0.350641886434461
    4    0    0       -0.350662505850045
    5    0    0       -0.350689016612990
    6    0    0       -0.350721418784049
    7    0    0       -0.350759712433512
    8    0    0       -0.350803897638834
    9    0    0       -0.350853974481853
   10    0    0       -0.350909943045584
   11    0    0       -0.350971803410589
   12    0    0       -0.351039555650991
   13    0    0       -0.351113199830017
   14    0    0       -0.351192735995217
   15    0    0       -0.351278164173264
   16    0    0       -0.351369484364386
   17    0    0       -0.351466696536456
   18    0    0       -0.351569800618685
   19    0    0       -0.351678796495015
   20    0    0       -0.351793683997145
   21    0    0       -0.351914462897265
   22    0    0       -0.352041132900447
   23    0    0       -0.352173693636770
   24    0    0       -0.352312144653120
   25    0    0       -0.352456485404781
   26    0    0       -0.352606715246679
   27    0    0       -0.352762833424473
   28    0    0       -0.352924839065326
   29    0    0       -0.353092731168524
   30    0    0       -0.353266508595864
   31    0    0       -0.353446170061838
   32    0    0       -0.353631714123661
   33    0    0       -0.353823139171143
   34    0    0       -0.354020443416382
   35    0    0       -0.354223624883343
   36    0    0       -0.354432681397342
   37    0    0       -0.354647610574364
   38    0    0       -0.354868409810341
   39    0    0       -0.355095076270345
   40    0    0       -0.355327606877702
   41    0    0       -0.355565998303061
   42    0    0       -0.355810246953437
   43    0    0       -0.356060348961206
   44    0    0       -0.356316300173117
   45    0    0       -0.356578096139305
   46    0    0       -0.356845732102279
   47    0    0       -0.357119202985992
   48    0    0       -0.357398503384894
   49    0    0       -0.357683627553064
   50    0    0       -0.357974569393403
   51    0    0       -0.358271322446865
   52    0    0       -0.358573879881810
   53    0    0       -0.358882234483409
   54    0    0       -0.359196378643147
   55    0    0       -0.359516304348447
   56    0    0       -0.359842003172407
   57    0    0       -0.360173466263646
   58    0    0       -0.360510684336252
   59    0    0       -0.360853647659937
   60    0    0       -0.361202346050231
   61    0    0       -0.361556768858914
   62    0    0       -0.361916904964537
   63    0    0       -0.362282742763120
   64    0    0       -0.362654270159001
   65    0    0       -0.363031474555862
   66    0    0       -0.363414342847885
   67    0    0       -0.363802861411147
   68    0    0       -0.364197016095080
   69    0    0       -0.364596792214227
   70    0    0       -0.365002174540062
   71    0    0       -0.365413147293073
   72    0    0       -0.365829694134982
   73    0    0       -0.366251798161135
   74    0    0       -0.366679441893113
   75    0    0       -0.367112607271492
   76    0    0       -0.367551275648816
   77    0    0       -0.367995427782728
   78    0    0       -0.368445043829271
   79    0    0       -0.368900103336436
   80    0    0       -0.369360585237830
   81    0    0       -0.369826467846574
   82    0    0       -0.370297728849360
   83    0    0       -0.370774345300689
   84    0    0       -0.371256293617352
   85    0    0       -0.371743549573015
   86    0    0       -0.372236088293062
   87    0    0       -0.372733884249599
   88    0    0       -0.373236911256645
   89    0    0       -0.373745142465504
   90    0    0       -0.374258550360387
   91    0    0       -0.374777106754144
   92    0    0       -0.375300782784275
   93    0    0       -0.375829548909072
   94    0    0       -0.376363374904004
   95    0    0       -0.376902229858287
   96    0    0       -0.377446082171674
   97    0    0       -0.377994899551448
   98    0    0       -0.378548649009596
   99    0    0       -0.379107296860275
  100    0    0       -0.379670808717414
  101    0    0       -0.380239149492604
  102    0    0       -0.380812283393165
  103    0    0       -0.381390173920485
  104    0    0       -0.381972783868596
  105    0    0       -0.382560075322970
  106    0    0       -0.383152009659540
  107    0    0       -0.383748547544057
  108    0    0       -0.384349648931626
  109    0    0       -0.384955273066541
  110    0    0       -0.385565378482374
  111    0    0       -0.386179923002352
  112    0    0       -0.386798863740023
  113    0    0       -0.387422157100176
  114    0    0       -0.388049758780054
  115    0    0       -0.388681623770927
  116    0    0       -0.389317706359880
  117    0    0       -0.389957960131970
  118    0    0       -0.390602337972661
  119    0    0       -0.391250792070606
  120    0    0       -0.391903273920704
  121    0    0       -0.392559734327547
  122    0    0       -0.393220123409139
  123    0    0       -0.393884390600969
  124    0    0       -0.394552484660434
  125    0    0       -0.395224353671567
  126    0    0       -0.395899945050148
  127    0    0       -0.396579205549114
  128    0    0       -0.397262081264326
  129    0    0       -0.397948517640690
  130    0    0       -0.398638459478598
  131    0    0       -0.399331850940724
  132    0    0       -0.400028635559142
  133    0    0       -0.400728756242793
  134    0    0       -0.401432155285260
  135    0    0       -0.402138774372883
  136    0    0       -0.402848554593172
  137    0    0       -0.403561436443577
  138    0    0       -0.404277359840469
  139    0    0       -0.404996264128502
  140    0    0       -0.405718088090227
  141    0    0       -0.406442769955926
  142    0    0       -0.407170247413758
  143    0    0       -0.407900457620148
  144    0    0       -0.408633337210335
  145    0    0       -0.409368822309207
  146    0    0       -0.410106848542249
  147    0    0       -0.410847351046745
  148    0    0       -0.411590264483035
  149    0    0       -0.412335523045964
  150    0    0       -0.413083060476399
  151    0    0       -0.413832810072832
  152    0    0       -0.414584704703059
  153    0    0       -0.415338676815835
  154    0    0       -0.416094658452552
  155    0    0       -0.416852581258916
  156    0    0       -0.417612376496487
  157    0    0       -0.418373975054200
  158    0    0       -0.419137307459723
  159    0    0       -0.419902303890675
  160    0    0       -0.420668894185657
  161    0    0       -0.421437007855060
  162    0    0       -0.422206574091621
  163    0    0       -0.422977521780701
  164    0    0       -0.423749779510287
  165    0    0       -0.424523275580536
  166    0    0       -0.425297938013080
  167    0    0       -0.426073694559866
  168    0    0       -0.426850472711510
  169    0    0       -0.427628199705263
  170    0    0       -0.428406802532474
  171    0    0       -0.429186207945481
  172    0    0       -0.429966342464046
  173    0    0       -0.430747132381148
  174    0    0       -0.431528503768248
  175    0    0       -0.432310382479917
  176    0    0       -0.433092694157880
  177    0    0       -0.433875364234396
  178    0    0       -0.434658317935017
  179    0    0       -0.435441480280681
  180    0    0       -0.436224776089149
  181    0    0       -0.437008129975789
  182    0    0       -0.437791466353667
  183    0    0       -0.438574709433016
  184    0    0       -0.439357783219984
  185    0    0       -0.440140611514800
  186    0    0       -0.440923117909223
  187    0    0       -0.441705225783427
  188    0    0       -0.442486858302179
  189    0    0       -0.443267938410501
  190    0    0       -0.444048388828709
  191    0    0       -0.444828132046870
  192    0    0       -0.445607090318730
  193    0    0       -0.446385185655173
  194    0    0       -0.447162339817106
  195    0    0       -0.447938474307973
  196    0    0       -0.448713510365781
  197    0    0       -0.449487368954764
  198    0    0       -0.450259970756667
  199    0    0       -0.451031236161732
  200    0    0       -0.451801085259353
  201    0    0       -0.452569437828537
  202    0    0       -0.453336213328115
  203    0    0       -0.454101330886749
  204    0    0       -0.454864709292892
  205    0    0       -0.455626266984569
  206    0    0       -0.456385922039154
  207    0    0       -0.457143592163086
  208    0    0       -0.457899194681656
  209    0    0       -0.458652646528843
  210    0    0       -0.459403864237212
  211    0    0       -0.460152763928016
  212    0    0       -0.460899261301407
  213    0    0       -0.461643271626921
  214    0    0       -0.462384709734168
  215    0    0       -0.463123490003813
  216    0    0       -0.463859526358858
  217    0    0       -0.464592732256335
  218    0    0       -0.465323020679255
  219    0    0       -0.466050304129024
  220    0    0       -0.466774494618334
  221    0    0       -0.467495503664382
  222    0    0       -0.468213242282634
  223    0    0       -0.468927620981094
  224    0    0       -0.469638549754989
  225    0    0       -0.470345938082050
  226    0    0       -0.471049694918306
  227    0    0       -0.471749728694372
  228    0    0       -0.472445947312322
  229    0    0       -0.473138258143104
  230    0    0       -0.473826568024468
  231    0    0       -0.474510783259496
  232    0    0       -0.475190809615623
  233    0    0       -0.475866552324211
  234    0    0       -0.476537916080694
  235    0    0       -0.477204805045154
  236    0    0       -0.477867122843510
  237    0    0       -0.478524772569113
  238    0    0       -0.479177656784899
  239    0    0       -0.479825677525940
  240    0    0       -0.480468736302501
  241    0    0       -0.481106734103528
  242    0    0       -0.481739571400535
  243    0    0       -0.482367148151927
  244    0    0       -0.482989363807699
  245    0    0       -0.483606117314549
  246    0    0       -0.484217307121357
  247    0    0       -0.484822831185025
  248    0    0       -0.485422586976727
  249    0    0       -0.486016471488465
  250    0    0       -0.486604381240077
  251    0    0       -0.487186212286605
  252    0    0       -0.487761860226029
  253    0    0       -0.488331220207485
  254    0    0       -0.488894186939890
  255    0    0       -0.489450654701081
  256    0    0       -0.490000517347464
  257    0    0       -0.490543668324232
  258    0    0       -0.491080000676208
  259    0    0       -0.491609407059350
  260    0    0       -0.492131779753075
  261    0    0       -0.492647010673306
  262    0    0       -0.493154991386500
  263    0    0       -0.493655613124650
  264    0    0       -0.494148766801337
  265    0    0       -0.494634343029016
  266    0    0       -0.495112232137550
  267    0    0       -0.495582324194163
  268    0    0       -0.496044509024907
  269    0    0       -0.496498676237716
  270    0    0       -0.496944715247277
  271    0    0       -0.497382515301700
  272    0    0       -0.497811965511221
  273    0    0       -0.498232954879010
  274    0    0       -0.498645372334230
  275    0    0       -0.499049106767413
  276    0    0       -0.499444047068348
  277    0    0       -0.499830082166569
  278    0    0       -0.500207101074519
  279    0    0       -0.500574992933518
  280    0    0       -0.500933647062673
  281    0    0       -0.501282953010730
  282    0    0       -0.501622800611074
  283    0    0       -0.501953080039804
  284    0    0       -0.502273681877082
  285    0    0       -0.502584497171729
  286    0    0       -0.502885417509140
  287    0    0       -0.503176335082542
  288    0    0       -0.503457142767569
  289    0    0       -0.503727734200246
  290    0    0       -0.503988003858318
  291    0    0       -0.504237847145864
  292    0    0       -0.504477160481218
  293    0    0       -0.504705841388120
  294    0    0       -0.504923788590012
  295    0    0       -0.505130902107423
  296    0    0       -0.505327083358315
  297    0    0       -0.505512235261254
  298    0    0       -0.505686262341375
  299    0    0       -0.505849070838838
  300    0    0       -0.506000568819766
  301    0    0       -0.506140666289389
  302    0    0       -0.506269275307241
  303    0    0       -0.506386310104222
  304    0    0       -0.506491687201238
  305    0    0       -0.506585325529347
  306    0    0       -0.506667146550946
  307    0    0       -0.506737074381972
  308    0    0       -0.506795035914722
  309    0    0       -0.506840960941088
  310    0    0       -0.506874782275894
  311    0    0       -0.506896435880095
  312    0    0       -0.506905860983542
  313    0    0       -0.506903000207058
  314    0    0       -0.506887799683438
  315    0    0       -0.506860209177256
  316    0    0       -0.506820182203046
  317    0    0       -0.506767676141671
  318    0    0       -0.506702652354553
  319    0    0       -0.506625076295547
  320    0    0       -0.506534917620176
  321    0    0       -0.506432150291951
  322    0    0       -0.506316752685646
  323    0    0       -0.506188707687174
  324    0    0       -0.506048002789946
  325    0    0       -0.505894630187551
  326    0    0       -0.505728586862485
  327    0    0       -0.505549874670891
  328    0    0       -0.505358500423109
  329    0    0       -0.505154475959993
  330    0    0       -0.504937818224868
  331    0    0       -0.504708549331103
  332    0    0       -0.504466696625231
  333    0    0       -0.504212292745768
  334    0    0       -0.503945375677474
  335    0    0       -0.503665988801450
  336    0    0       -0.503374180940897
  337    0    0       -0.503070006402807
  338    0    0       -0.502753525015668
  339    0    0       -0.502424802163409
  340    0    0       -0.502083908815758
  341    0    0       -0.501730921555307
  342    0    0       -0.501365922601510
  343    0    0       -0.500988999832013
  344    0    0       -0.500600246801559
  345    0    0       -0.500199762758927
  346    0    0       -0.499787652662323
  347    0    0       -0.499364027193641
  348    0    0       -0.498929002772107
  349    0    0       -0.498482701567829
  350    0    0       -0.498025251515868
  351    0    0       -0.497556786331304
  352    0    0       -0.497077445526173
  353    0    0       -0.496587374428731
  354    0    0       -0.496086724205957
  355    0    0       -0.495575651890009
  356    0    0       -0.495054320409469
  357    0    0       -0.494522898626341
  358    0    0       -0.493981561379679
  359    0    0       -0.493430489536909
  360    0    0       -0.492869870053916
  361    0    0       -0.492299896045079
  362    0    0       -0.491720766864449
  363    0    0       -0.491132688199489
  364    0    0       -0.490535872178650
  365    0    0       -0.489930537494486
  366    0    0       -0.489316909543795
  367    0    0       -0.488695220586636
  368    0    0       -0.488065709926071
  369    0    0       -0.487428624110654
  370    0    0       -0.486784217161921
  371    0    0       -0.486132750829139
  372    0    0       -0.485474494873916
  373    0    0       -0.484809727387366
  374    0    0       -0.484138735142761
  375    0    0       -0.483461813986805
  376    0    0       -0.482779269272866
  377    0    0       -0.482091416339829
  378    0    0       -0.481398581040255
  379    0    0       -0.480701100322014
  380    0    0       -0.479999322867590
  381    0    0       -0.479293609795467
  382    0    0       -0.478584335428279
  383    0    0       -0.477871888132352
  384    0    0       -0.477156671233413
  385    0    0       -0.476439104013057
  386    0    0       -0.475719622790430
  387    0    0       -0.474998682093051
  388    0    0       -0.474276755920112
  389    0    0       -0.473554339100474
  390    0    0       -0.472831948746246
  391    0    0       -0.472110125800732
  392    0    0       -0.471389436676954
  393    0    0       -0.470670474979433
  394    0    0       -0.469953863297411
  395    0    0       -0.469240255051839
  396    0    0       -0.468530336371429
  397    0    0       -0.467824827963809
  398    0    0       -0.467124486937155
  399    0    0       -0.466430108514283
  400    0    0       -0.465742527565735
  401    0    0       -0.465062619870279
  402    0    0       -0.464391302990826
  403    0    0       -0.463729536631422
  404    0    0       -0.463078322317176
  405    0    0       -0.462438702215488
  406    0    0       -0.461811756895205
  407    0    0       -0.461198601803359
  408    0    0       -0.460600382230452
  409    0    0       -0.460018266539258
  410    0    0       -0.459453437453937
  411    0    0       -0.458907081251277
  412    0    0       -0.458380374768826
  413    0    0       -0.457874470249087
  414    0    0       -0.457390478174912
  415    0    0       -0.456929448415144
  416    0    0       -0.456492350181643
  417    0    0       -0.456080051483586
  418    0    0       -0.455693298931073
  419    0    0       -0.455332698862388
  420    0    0       -0.454998700823558
  421    0    0       -0.454691584394676
  422    0    0       -0.454411450225196
  423    0    0       -0.454158215914138
  424    0    0       -0.453931617069542
  425    0    0       -0.453731213537750
  426    0    0       -0.453556400446811
  427    0    0       -0.453406423401461
  428    0    0       -0.453280396933588
  429    0    0       -0.453177325173645
  430    0    0       -0.453096123671505
  431    0    0       -0.453035641350854
  432    0    0       -0.452994681710336
  433    0    0       -0.452972022561227
  434    0    0       -0.452966433789106
  435    0    0       -0.452976692822896
  436    0    0       -0.453001597670828
  437    0    0       -0.453039977529351
  438    0    0       -0.453090701082471
  439    0    0       -0.453152682685994
  440    0    0       -0.453224886677484
  441    0    0       -0.453306330073190
  442    0    0       -0.453396083914505
  443    0    0       -0.453493273513609
  444    0    0       -0.453597077826528
  445    0    0       -0.453706728155428
  446    0    0       -0.453821506353994
  447    0    0       -0.453940742681905
  448    0    0       -0.454063813428645
  449    0    0       -0.454190138403322
  450    0    0       -0.454319178366991
  451    0    0       -0.454450432466227
  452    0    0       -0.454583435712272
  453    0    0       -0.454717756538075
  454    0    0       -0.454852994455673
  455    0    0       -0.454988777828830
  456    0    0       -0.455124761769788
  457    0    0       -0.455260626164138
  458    0    0       -0.455396073824577
  459    0    0       -0.455530828771642
  460    0    0       -0.455664634637513
  461    0    0       -0.455797253187915
  462    0    0       -0.455928462956179
  463    0    0       -0.456058057983155
  464    0    0       -0.456185846656258
  465    0    0       -0.456311650641140
  466    0    0       -0.456435303899404
  467    0    0       -0.456556651786052
  468    0    0       -0.456675550220685
  469    0    0       -0.456791864926672
  470    0    0       -0.456905470732962
  471    0    0       -0.457016250933525
  472    0    0       -0.457124096699745
  473    0    0       -0.457228906541433
  474    0    0       -0.457330585812505
  475    0    0       -0.457429046257661
  476    0    0       -0.457524205596674
  477    0    0       -0.457615987143256
  478    0    0       -0.457704319455603
  479    0    0       -0.457789136016183
  480    0    0       -0.457870374938274
  481    0    0       -0.457947978697239
  482    0    0       -0.458021893884524
  483    0    0       -0.458092070982666
  484    0    0       -0.458158464159666
  485    0    0       -0.458221031081340
  486    0    0       -0.458279732740272
  487    0    0       -0.458334533300239
  488    0    0       -0.458385399954994
  489    0    0       -0.458432302800524
  490    0    0       -0.458475214719798
  491    0    0       -0.458514111279371
  492    0    0       -0.458548970637064
  493    0    0       -0.458579773460145
  494    0    0       -0.458606502853490
  495    0    0       -0.458629144297220
  496    0    0       -0.458647685593462
  497    0    0       -0.458662116821833
  498    0    0       -0.458672430303403
  499    0    0       -0.458678620572946
  500    0    0       -0.458680684359169
