 -500    0    0       -0.706343717132607
 -499    0    0       -0.706342912310207
 -498    0    0       -0.706340498169410
 -497    0    0       -0.706336475689733
 -496    0    0       -0.706330846504512
 -495    0    0       -0.706323612902173
 -494    0    0       -0.706314777827949
 -493    0    0       -0.706304344886135
 -492    0    0       -0.706292318342794
 -491    0    0       -0.706278703128958
 -490    0    0       -0.706263504844322
 -489    0    0       -0.706246729761376
 -488    0    0       -0.706228384830046
 -487    0    0       -0.706208477682744
 -486    0    0       -0.706187016639894
 -485    0    0       -0.706164010715900
 -484    0    0       -0.706139469625520
 -483    0    0       -0.706113403790678
 -482    0    0       -0.706085824347642
 -481    0    0       -0.706056743154684
 -480    0    0       -0.706026172799982
 -479    0    0       -0.705994126610025
 -478    0    0       -0.705960618658274
 -477    0    0       -0.705925663774209
 -476    0    0       -0.705889277552676
 -475    0    0       -0.705851476363546
 -474    0    0       -0.705812277361669
 -473    0    0       -0.705771698497082
 -472    0    0       -0.705729758525477
 -471    0    0       -0.705686477018940
 -470    0    0       -0.705641874376828
 -469    0    0       -0.705595971836960
 -468    0    0       -0.705548791486876
 -467    0    0       -0.705500356275334
 -466    0    0       -0.705450690023931
 -465    0    0       -0.705399817438827
 -464    0    0       -0.705347764122621
 -463    0    0       -0.705294556586249
 -462    0    0       -0.705240222261013
 -461    0    0       -0.705184789510627
 -460    0    0       -0.705128287643276
 -459    0    0       -0.705070746923699
 -458    0    0       -0.705012198585287
 -457    0    0       -0.704952674842094
 -456    0    0       -0.704892208900843
 -455    0    0       -0.704830834972853
 -454    0    0       -0.704768588285864
 -453    0    0       -0.704705505095764
 -452    0    0       -0.704641622698208
 -451    0    0       -0.704576979440064
 -450    0    0       -0.704511614730711
 -449    0    0       -0.704445569053163
 -448    0    0       -0.704378883975003
 -447    0    0       -0.704311602159053
 -446    0    0       -0.704243767373880
 -445    0    0       -0.704175424504009
 -444    0    0       -0.704106619559878
 -443    0    0       -0.704037399687499
 -442    0    0       -0.703967813177837
 -441    0    0       -0.703897909475853
 -440    0    0       -0.703827739189232
 -439    0    0       -0.703757354096698
 -438    0    0       -0.703686807156051
 -437    0    0       -0.703616152511726
 -436    0    0       -0.703545445501993
 -435    0    0       -0.703474742665725
 -434    0    0       -0.703404101748688
 -433    0    0       -0.703333581709427
 -432    0    0       -0.703263242724597
 -431    0    0       -0.703193146193842
 -430    0    0       -0.703123354744114
 -429    0    0       -0.703053932233478
 -428    0    0       -0.702984943754290
 -427    0    0       -0.702916455635824
 -426    0    0       -0.702848535446262
 -425    0    0       -0.702781251994029
 -424    0    0       -0.702714675328464
 -423    0    0       -0.702648876739764
 -422    0    0       -0.702583928758220
 -421    0    0       -0.702519905152657
 -420    0    0       -0.702456880928100
 -419    0    0       -0.702394932322569
 -418    0    0       -0.702334136803058
 -417    0    0       -0.702274573060540
 -416    0    0       -0.702216321004048
 -415    0    0       -0.702159461753801
 -414    0    0       -0.702104077633237
 -413    0    0       -0.702050252160004
 -412    0    0       -0.701998070035821
 -411    0    0       -0.701947617135156
 -410    0    0       -0.701898980492708
 -409    0    0       -0.701852248289591
 -408    0    0       -0.701807509838210
 -407    0    0       -0.701764855565761
 -406    0    0       -0.701724376996298
 -405    0    0       -0.701686166731315
 -404    0    0       -0.701650318428787
 -403    0    0       -0.701616926780621
 -402    0    0       -0.701586087488435
 -401    0    0       -0.701557897237642
 -400    0    0       -0.701532453669752
 -399    0    0       -0.701509855352861
 -398    0    0       -0.701490201750228
 -397    0    0       -0.701473593186943
 -396    0    0       -0.701460130814583
 -395    0    0       -0.701449916573812
 -394    0    0       -0.701443053154886
 -393    0    0       -0.701439643956011
 -392    0    0       -0.701439793039474
 -391    0    0       -0.701443605085549
 -390    0    0       -0.701451185344105
 -389    0    0       -0.701462639583892
 -388    0    0       -0.701478074039429
 -387    0    0       -0.701497595355533
 -386    0    0       -0.701521310529410
 -385    0    0       -0.701549326850288
 -384    0    0       -0.701581751836605
 -383    0    0       -0.701618693170715
 -382    0    0       -0.701660258631105
 -381    0    0       -0.701706556022186
 -380    0    0       -0.701757693101563
 -379    0    0       -0.701813777504877
 -378    0    0       -0.701874916668251
 -377    0    0       -0.701941217748327
 -376    0    0       -0.702012787539960
 -375    0    0       -0.702089732391630
 -374    0    0       -0.702172158118628
 -373    0    0       -0.702260169914076
 -372    0    0       -0.702353872257867
 -371    0    0       -0.702453368823656
 -370    0    0       -0.702558762383917
 -369    0    0       -0.702670154713292
 -368    0    0       -0.702787646490268
 -367    0    0       -0.702911337197354
 -366    0    0       -0.703041325019908
 -365    0    0       -0.703177706743754
 -364    0    0       -0.703320577651799
 -363    0    0       -0.703470031419771
 -362    0    0       -0.703626160011314
 -361    0    0       -0.703789053572619
 -360    0    0       -0.703958800326840
 -359    0    0       -0.704135486468444
 -358    0    0       -0.704319196057813
 -357    0    0       -0.704510010916241
 -356    0    0       -0.704708010521676
 -355    0    0       -0.704913271905379
 -354    0    0       -0.705125869549795
 -353    0    0       -0.705345875287890
 -352    0    0       -0.705573358204231
 -351    0    0       -0.705808384538092
 -350    0    0       -0.706051017588815
 -349    0    0       -0.706301317623774
 -348    0    0       -0.706559341789122
 -347    0    0       -0.706825144023706
 -346    0    0       -0.707098774976315
 -345    0    0       -0.707380281926593
 -344    0    0       -0.707669708709843
 -343    0    0       -0.707967095646000
 -342    0    0       -0.708272479472982
 -341    0    0       -0.708585893284692
 -340    0    0       -0.708907366473837
 -339    0    0       -0.709236924679829
 -338    0    0       -0.709574589741933
 -337    0    0       -0.709920379657832
 -336    0    0       -0.710274308547771
 -335    0    0       -0.710636386624458
 -334    0    0       -0.711006620168775
 -333    0    0       -0.711385011511474
 -332    0    0       -0.711771559020897
 -331    0    0       -0.712166257096794
 -330    0    0       -0.712569096170278
 -329    0    0       -0.712980062709935
 -328    0    0       -0.713399139234064
 -327    0    0       -0.713826304329076
 -326    0    0       -0.714261532673905
 -325    0    0       -0.714704795070474
 -324    0    0       -0.715156058480038
 -323    0    0       -0.715615286065286
 -322    0    0       -0.716082437238163
 -321    0    0       -0.716557467713139
 -320    0    0       -0.717040329565803
 -319    0    0       -0.717530971296633
 -318    0    0       -0.718029337899643
 -317    0    0       -0.718535370935774
 -316    0    0       -0.719049008610746
 -315    0    0       -0.719570185857116
 -314    0    0       -0.720098834420325
 -313    0    0       -0.720634882948444
 -312    0    0       -0.721178257085316
 -311    0    0       -0.721728879566875
 -310    0    0       -0.722286670320311
 -309    0    0       -0.722851546565806
 -308    0    0       -0.723423422920542
 -307    0    0       -0.724002211504718
 -306    0    0       -0.724587822049282
 -305    0    0       -0.725180162005037
 -304    0    0       -0.725779136652942
 -303    0    0       -0.726384649215234
 -302    0    0       -0.726996600967179
 -301    0    0       -0.727614891349098
 -300    0    0       -0.728239418078547
 -299    0    0       -0.728870077262250
 -298    0    0       -0.729506763507678
 -297    0    0       -0.730149370033966
 -296    0    0       -0.730797788781993
 -295    0    0       -0.731451910523416
 -294    0    0       -0.732111624968429
 -293    0    0       -0.732776820872128
 -292    0    0       -0.733447386139229
 -291    0    0       -0.734123207927083
 -290    0    0       -0.734804172746735
 -289    0    0       -0.735490166561951
 -288    0    0       -0.736181074886083
 -287    0    0       -0.736876782876658
 -286    0    0       -0.737577175427555
 -285    0    0       -0.738282137258713
 -284    0    0       -0.738991553003296
 -283    0    0       -0.739705307292200
 -282    0    0       -0.740423284835867
 -281    0    0       -0.741145370503362
 -280    0    0       -0.741871449398661
 -279    0    0       -0.742601406934068
 -278    0    0       -0.743335128900842
 -277    0    0       -0.744072501536880
 -276    0    0       -0.744813411591546
 -275    0    0       -0.745557746387616
 -274    0    0       -0.746305393880291
 -273    0    0       -0.747056242713361
 -272    0    0       -0.747810182272465
 -271    0    0       -0.748567102735528
 -270    0    0       -0.749326895120344
 -269    0    0       -0.750089451329367
 -268    0    0       -0.750854664191747
 -267    0    0       -0.751622427502636
 -266    0    0       -0.752392636059788
 -265    0    0       -0.753165185697546
 -264    0    0       -0.753939973318241
 -263    0    0       -0.754716896921052
 -262    0    0       -0.755495855628356
 -261    0    0       -0.756276749709737
 -260    0    0       -0.757059480603540
 -259    0    0       -0.757843950936199
 -258    0    0       -0.758630064539315
 -257    0    0       -0.759417726464562
 -256    0    0       -0.760206842996501
 -255    0    0       -0.760997321663379
 -254    0    0       -0.761789071245947
 -253    0    0       -0.762582001784433
 -252    0    0       -0.763376024583640
 -251    0    0       -0.764171052216366
 -250    0    0       -0.764966998525099
 -249    0    0       -0.765763778622131
 -248    0    0       -0.766561308888137
 -247    0    0       -0.767359506969296
 -246    0    0       -0.768158291772995
 -245    0    0       -0.768957583462244
 -244    0    0       -0.769757303448787
 -243    0    0       -0.770557374385058
 -242    0    0       -0.771357720154972
 -241    0    0       -0.772158265863679
 -240    0    0       -0.772958937826297
 -239    0    0       -0.773759663555693
 -238    0    0       -0.774560371749397
 -237    0    0       -0.775360992275673
 -236    0    0       -0.776161456158825
 -235    0    0       -0.776961695563771
 -234    0    0       -0.777761643779986
 -233    0    0       -0.778561235204793
 -232    0    0       -0.779360405326109
 -231    0    0       -0.780159090704714
 -230    0    0       -0.780957228955993
 -229    0    0       -0.781754758731319
 -228    0    0       -0.782551619699052
 -227    0    0       -0.783347752525217
 -226    0    0       -0.784143098853887
 -225    0    0       -0.784937601287400
 -224    0    0       -0.785731203366308
 -223    0    0       -0.786523849549251
 -222    0    0       -0.787315485192697
 -221    0    0       -0.788106056530649
 -220    0    0       -0.788895510654322
 -219    0    0       -0.789683795491863
 -218    0    0       -0.790470859788148
 -217    0    0       -0.791256653084658
 -216    0    0       -0.792041125699566
 -215    0    0       -0.792824228707969
 -214    0    0       -0.793605913922378
 -213    0    0       -0.794386133873483
 -212    0    0       -0.795164841791224
 -211    0    0       -0.795941991586221
 -210    0    0       -0.796717537831573
 -209    0    0       -0.797491435745134
 -208    0    0       -0.798263641172154
 -207    0    0       -0.799034110568533
 -206    0    0       -0.799802800984496
 -205    0    0       -0.800569670048888
 -204    0    0       -0.801334675954032
 -203    0    0       -0.802097777441193
 -202    0    0       -0.802858933786719
 -201    0    0       -0.803618104788780
 -200    0    0       -0.804375250754855
 -199    0    0       -0.805130332489868
 -198    0    0       -0.805883311285082
 -197    0    0       -0.806634148907677
 -196    0    0       -0.807382807591129
 -195    0    0       -0.808129250026272
 -194    0    0       -0.808873439353134
 -193    0    0       -0.809615339153556
 -192    0    0       -0.810354913444511
 -191    0    0       -0.811092126672197
 -190    0    0       -0.811826943706853
 -189    0    0       -0.812559329838323
 -188    0    0       -0.813289250772277
 -187    0    0       -0.814016672627190
 -186    0    0       -0.814741561931944
 -185    0    0       -0.815463885624077
 -184    0    0       -0.816183611048688
 -183    0    0       -0.816900705957894
 -182    0    0       -0.817615138510861
 -181    0    0       -0.818326877274367
 -180    0    0       -0.819035891223832
 -179    0    0       -0.819742149744815
 -178    0    0       -0.820445622634907
 -177    0    0       -0.821146280106012
 -176    0    0       -0.821844092786916
 -175    0    0       -0.822539031726174
 -174    0    0       -0.823231068395210
 -173    0    0       -0.823920174691604
 -172    0    0       -0.824606322942548
 -171    0    0       -0.825289485908348
 -170    0    0       -0.825969636786052
 -169    0    0       -0.826646749213003
 -168    0    0       -0.827320797270401
 -167    0    0       -0.827991755486787
 -166    0    0       -0.828659598841357
 -165    0    0       -0.829324302767138
 -164    0    0       -0.829985843153946
 -163    0    0       -0.830644196351097
 -162    0    0       -0.831299339169822
 -161    0    0       -0.831951248885342
 -160    0    0       -0.832599903238621
 -159    0    0       -0.833245280437702
 -158    0    0       -0.833887359158617
 -157    0    0       -0.834526118545862
 -156    0    0       -0.835161538212394
 -155    0    0       -0.835793598239117
 -154    0    0       -0.836422279173854
 -153    0    0       -0.837047562029795
 -152    0    0       -0.837669428283353
 -151    0    0       -0.838287859871488
 -150    0    0       -0.838902839188450
 -149    0    0       -0.839514349081883
 -148    0    0       -0.840122372848393
 -147    0    0       -0.840726894228492
 -146    0    0       -0.841327897400939
 -145    0    0       -0.841925366976469
 -144    0    0       -0.842519287990961
 -143    0    0       -0.843109645897978
 -142    0    0       -0.843696426560760
 -141    0    0       -0.844279616243601
 -140    0    0       -0.844859201602713
 -139    0    0       -0.845435169676521
 -138    0    0       -0.846007507875447
 -137    0    0       -0.846576203971174
 -136    0    0       -0.847141246085431
 -135    0    0       -0.847702622678346
 -134    0    0       -0.848260322536317
 -133    0    0       -0.848814334759527
 -132    0    0       -0.849364648749059
 -131    0    0       -0.849911254193680
 -130    0    0       -0.850454141056314
 -129    0    0       -0.850993299560246
 -128    0    0       -0.851528720175106
 -127    0    0       -0.852060393602625
 -126    0    0       -0.852588310762284
 -125    0    0       -0.853112462776812
 -124    0    0       -0.853632840957617
 -123    0    0       -0.854149436790247
 -122    0    0       -0.854662241919773
 -121    0    0       -0.855171248136332
 -120    0    0       -0.855676447360727
 -119    0    0       -0.856177831630192
 -118    0    0       -0.856675393084361
 -117    0    0       -0.857169123951502
 -116    0    0       -0.857659016535023
 -115    0    0       -0.858145063200318
 -114    0    0       -0.858627256362023
 -113    0    0       -0.859105588471671
 -112    0    0       -0.859580052005819
 -111    0    0       -0.860050639454721
 -110    0    0       -0.860517343311497
 -109    0    0       -0.860980156061934
 -108    0    0       -0.861439070174878
 -107    0    0       -0.861894078093328
 -106    0    0       -0.862345172226159
 -105    0    0       -0.862792344940590
 -104    0    0       -0.863235588555428
 -103    0    0       -0.863674895334996
 -102    0    0       -0.864110257483924
 -101    0    0       -0.864541667142682
 -100    0    0       -0.864969116383972
  -99    0    0       -0.865392597209900
  -98    0    0       -0.865812101550017
  -97    0    0       -0.866227621260155
  -96    0    0       -0.866639148122112
  -95    0    0       -0.867046673844186
  -94    0    0       -0.867450190062473
  -93    0    0       -0.867849688343023
  -92    0    0       -0.868245160184756
  -91    0    0       -0.868636597023189
  -90    0    0       -0.869023990234850
  -89    0    0       -0.869407331142505
  -88    0    0       -0.869786611021016
  -87    0    0       -0.870161821103900
  -86    0    0       -0.870532952590509
  -85    0    0       -0.870899996653841
  -84    0    0       -0.871262944448873
  -83    0    0       -0.871621787121432
  -82    0    0       -0.871976515817546
  -81    0    0       -0.872327121693233
  -80    0    0       -0.872673595924677
  -79    0    0       -0.873015929718723
  -78    0    0       -0.873354114323706
  -77    0    0       -0.873688141040468
  -76    0    0       -0.874018001233624
  -75    0    0       -0.874343686342950
  -74    0    0       -0.874665187894831
  -73    0    0       -0.874982497513814
  -72    0    0       -0.875295606934098
  -71    0    0       -0.875604508010982
  -70    0    0       -0.875909192732245
  -69    0    0       -0.876209653229292
  -68    0    0       -0.876505881788169
  -67    0    0       -0.876797870860309
  -66    0    0       -0.877085613072938
  -65    0    0       -0.877369101239234
  -64    0    0       -0.877648328368023
  -63    0    0       -0.877923287673106
  -62    0    0       -0.878193972582108
  -61    0    0       -0.878460376744862
  -60    0    0       -0.878722494041203
  -59    0    0       -0.878980318588309
  -58    0    0       -0.879233844747340
  -57    0    0       -0.879483067129570
  -56    0    0       -0.879727980601777
  -55    0    0       -0.879968580291064
  -54    0    0       -0.880204861588947
  -53    0    0       -0.880436820154747
  -52    0    0       -0.880664451918301
  -51    0    0       -0.880887753081912
  -50    0    0       -0.881106720121593
  -49    0    0       -0.881321349787548
  -48    0    0       -0.881531639103921
  -47    0    0       -0.881737585367797
  -46    0    0       -0.881939186147459
  -45    0    0       -0.882136439279880
  -44    0    0       -0.882329342867517
  -43    0    0       -0.882517895274339
  -42    0    0       -0.882702095121168
  -41    0    0       -0.882881941280281
  -40    0    0       -0.883057432869372
  -39    0    0       -0.883228569244796
  -38    0    0       -0.883395349994199
  -37    0    0       -0.883557774928517
  -36    0    0       -0.883715844073350
  -35    0    0       -0.883869557659804
  -34    0    0       -0.884018916114774
  -33    0    0       -0.884163920050708
  -32    0    0       -0.884304570254920
  -31    0    0       -0.884440867678439
  -30    0    0       -0.884572813424489
  -29    0    0       -0.884700408736587
  -28    0    0       -0.884823654986340
  -27    0    0       -0.884942553660955
  -26    0    0       -0.885057106350538
  -25    0    0       -0.885167314735203
  -24    0    0       -0.885273180572045
  -23    0    0       -0.885374705682045
  -22    0    0       -0.885471891936923
  -21    0    0       -0.885564741246022
  -20    0    0       -0.885653255543249
  -19    0    0       -0.885737436774143
  -18    0    0       -0.885817286883125
  -17    0    0       -0.885892807800924
  -16    0    0       -0.885964001432358
  -15    0    0       -0.886030869644351
  -14    0    0       -0.886093414254392
  -13    0    0       -0.886151637019378
  -12    0    0       -0.886205539624935
  -11    0    0       -0.886255123675276
  -10    0    0       -0.886300390683583
   -9    0    0       -0.886341342063032
   -8    0    0       -0.886377979118406
   -7    0    0       -0.886410303038442
   -6    0    0       -0.886438314888851
   -5    0    0       -0.886462015606109
   -4    0    0       -0.886481405991981
   -3    0    0       -0.886496486708895
   -2    0    0       -0.886507258276076
   -1    0    0       -0.886513721066564
    0    0    0       -0.886515875305050
    1    0    0       -0.886513721066564
    2    0    0       -0.886507258276076
    3    0    0       -0.886496486708895
    4    0    0       -0.886481405991981
    5    0    0       -0.886462015606109
    6    0    0       -0.886438314888851
    7    0    0       -0.886410303038442
    8    0    0       -0.886377979118406
    9    0    0       -0.886341342063032
   10    0    0       -0.886300390683583
   11    0    0       -0.886255123675276
   12    0    0       -0.886205539624935
   13    0    0       -0.886151637019378
   14    0    0       -0.886093414254392
   15    0    0       -0.886030869644351
   16    0    0       -0.885964001432358
   17    0    0       -0.885892807800924
   18    0    0       -0.885817286883125
   19    0    0       -0.885737436774143
   20    0    0       -0.885653255543249
   21    0    0       -0.885564741246022
   22    0    0       -0.885471891936923
   23    0    0       -0.885374705682045
   24    0    0       -0.885273180572045
   25    0    0       -0.885167314735203
   26    0    0       -0.885057106350538
   27    0    0       -0.884942553660955
   28    0    0       -0.884823654986340
   29    0    0       -0.884700408736587
   30    0    0       -0.884572813424489
   31    0    0       -0.884440867678439
   32    0    0       -0.884304570254920
   33    0    0       -0.884163920050708
   34    0    0       -0.884018916114774
   35    0    0       -0.883869557659804
   36    0    0       -0.883715844073350
   37    0    0       -0.883557774928517
   38    0    0       -0.883395349994199
   39    0    0       -0.883228569244796
   40    0    0       -0.883057432869372
   41    0    0       -0.882881941280281
   42    0    0       -0.882702095121168
   43    0    0       -0.882517895274339
   44    0    0       -0.882329342867517
   45    0    0       -0.882136439279880
   46    0    0       -0.881939186147459
   47    0    0       -0.881737585367797
   48    0    0       -0.881531639103921
   49    0    0       -0.881321349787548
   50    0    0       -0.881106720121593
   51    0    0       -0.880887753081912
   52    0    0       -0.880664451918301
   53    0    0       -0.880436820154747
   54    0    0       -0.880204861588947
   55    0    0       -0.879968580291064
   56    0    0       -0.879727980601777
   57    0    0       -0.879483067129570
   58    0    0       -0.879233844747340
   59    0    0       -0.878980318588309
   60    0    0       -0.878722494041203
   61    0    0       -0.878460376744862
   62    0    0       -0.878193972582108
   63    0    0       -0.877923287673106
   64    0    0       -0.877648328368023
   65    0    0       -0.877369101239234
   66    0    0       -0.877085613072938
   67    0    0       -0.876797870860309
   68    0    0       -0.876505881788169
   69    0    0       -0.876209653229292
   70    0    0       -0.875909192732245
   71    0    0       -0.875604508010982
   72    0    0       -0.875295606934098
   73    0    0       -0.874982497513814
   74    0    0       -0.874665187894831
   75    0    0       -0.874343686342950
   76    0    0       -0.874018001233624
   77    0    0       -0.873688141040468
   78    0    0       -0.873354114323706
   79    0    0       -0.873015929718723
   80    0    0       -0.872673595924677
   81    0    0       -0.872327121693233
   82    0    0       -0.871976515817546
   83    0    0       -0.871621787121432
   84    0    0       -0.871262944448873
   85    0    0       -0.870899996653841
   86    0    0       -0.870532952590509
   87    0    0       -0.870161821103900
   88    0    0       -0.869786611021016
   89    0    0       -0.869407331142505
   90    0    0       -0.869023990234850
   91    0    0       -0.868636597023189
   92    0    0       -0.868245160184756
   93    0    0       -0.867849688343023
   94    0    0       -0.867450190062473
   95    0    0       -0.867046673844186
   96    0    0       -0.866639148122112
   97    0    0       -0.866227621260155
   98    0    0       -0.865812101550017
   99    0    0       -0.865392597209900
  100    0    0       -0.864969116383972
  101    0    0       -0.864541667142682
  102    0    0       -0.864110257483924
  103    0    0       -0.863674895334996
  104    0    0       -0.863235588555428
  105    0    0       -0.862792344940590
  106    0    0       -0.862345172226159
  107    0    0       -0.861894078093328
  108    0    0       -0.861439070174878
  109    0    0       -0.860980156061934
  110    0    0       -0.860517343311497
  111    0    0       -0.860050639454721
  112    0    0       -0.859580052005819
  113    0    0       -0.859105588471671
  114    0    0       -0.858627256362023
  115    0    0       -0.858145063200318
  116    0    0       -0.857659016535023
  117    0    0       -0.857169123951502
  118    0    0       -0.856675393084361
  119    0    0       -0.856177831630192
  120    0    0       -0.855676447360727
  121    0    0       -0.855171248136332
  122    0    0       -0.854662241919773
  123    0    0       -0.854149436790247
  124    0    0       -0.853632840957617
  125    0    0       -0.853112462776812
  126    0    0       -0.852588310762284
  127    0    0       -0.852060393602625
  128    0    0       -0.851528720175106
  129    0    0       -0.850993299560246
  130    0    0       -0.850454141056314
  131    0    0       -0.849911254193680
  132    0    0       -0.849364648749059
  133    0    0       -0.848814334759527
  134    0    0       -0.848260322536317
  135    0    0       -0.847702622678346
  136    0    0       -0.847141246085431
  137    0    0       -0.846576203971174
  138    0    0       -0.846007507875447
  139    0    0       -0.845435169676521
  140    0    0       -0.844859201602713
  141    0    0       -0.844279616243601
  142    0    0       -0.843696426560760
  143    0    0       -0.843109645897978
  144    0    0       -0.842519287990961
  145    0    0       -0.841925366976469
  146    0    0       -0.841327897400939
  147    0    0       -0.840726894228492
  148    0    0       -0.840122372848393
  149    0    0       -0.839514349081883
  150    0    0       -0.838902839188450
  151    0    0       -0.838287859871488
  152    0    0       -0.837669428283353
  153    0    0       -0.837047562029795
  154    0    0       -0.836422279173854
  155    0    0       -0.835793598239117
  156    0    0       -0.835161538212394
  157    0    0       -0.834526118545862
  158    0    0       -0.833887359158617
  159    0    0       -0.833245280437702
  160    0    0       -0.832599903238621
  161    0    0       -0.831951248885342
  162    0    0       -0.831299339169822
  163    0    0       -0.830644196351097
  164    0    0       -0.829985843153946
  165    0    0       -0.829324302767138
  166    0    0       -0.828659598841357
  167    0    0       -0.827991755486787
  168    0    0       -0.827320797270401
  169    0    0       -0.826646749213003
  170    0    0       -0.825969636786052
  171    0    0       -0.825289485908348
  172    0    0       -0.824606322942548
  173    0    0       -0.823920174691604
  174    0    0       -0.823231068395210
  175    0    0       -0.822539031726174
  176    0    0       -0.821844092786916
  177    0    0       -0.821146280106012
  178    0    0       -0.820445622634907
  179    0    0       -0.819742149744815
  180    0    0       -0.819035891223832
  181    0    0       -0.818326877274367
  182    0    0       -0.817615138510861
  183    0    0       -0.816900705957894
  184    0    0       -0.816183611048688
  185    0    0       -0.815463885624077
  186    0    0       -0.814741561931944
  187    0    0       -0.814016672627190
  188    0    0       -0.813289250772277
  189    0    0       -0.812559329838323
  190    0    0       -0.811826943706853
  191    0    0       -0.811092126672197
  192    0    0       -0.810354913444511
  193    0    0       -0.809615339153556
  194    0    0       -0.808873439353134
  195    0    0       -0.808129250026272
  196    0    0       -0.807382807591129
  197    0    0       -0.806634148907677
  198    0    0       -0.805883311285082
  199    0    0       -0.805130332489868
  200    0    0       -0.804375250754855
  201    0    0       -0.803618104788780
  202    0    0       -0.802858933786719
  203    0    0       -0.802097777441193
  204    0    0       -0.801334675954032
  205    0    0       -0.800569670048888
  206    0    0       -0.799802800984496
  207    0    0       -0.799034110568533
  208    0    0       -0.798263641172154
  209    0    0       -0.797491435745134
  210    0    0       -0.796717537831573
  211    0    0       -0.795941991586221
  212    0    0       -0.795164841791224
  213    0    0       -0.794386133873483
  214    0    0       -0.793605913922378
  215    0    0       -0.792824228707969
  216    0    0       -0.792041125699566
  217    0    0       -0.791256653084658
  218    0    0       -0.790470859788148
  219    0    0       -0.789683795491863
  220    0    0       -0.788895510654322
  221    0    0       -0.788106056530649
  222    0    0       -0.787315485192697
  223    0    0       -0.786523849549251
  224    0    0       -0.785731203366308
  225    0    0       -0.784937601287400
  226    0    0       -0.784143098853887
  227    0    0       -0.783347752525217
  228    0    0       -0.782551619699052
  229    0    0       -0.781754758731319
  230    0    0       -0.780957228955993
  231    0    0       -0.780159090704714
  232    0    0       -0.779360405326109
  233    0    0       -0.778561235204793
  234    0    0       -0.777761643779986
  235    0    0       -0.776961695563771
  236    0    0       -0.776161456158825
  237    0    0       -0.775360992275673
  238    0    0       -0.774560371749397
  239    0    0       -0.773759663555693
  240    0    0       -0.772958937826297
  241    0    0       -0.772158265863679
  242    0    0       -0.771357720154972
  243    0    0       -0.770557374385058
  244    0    0       -0.769757303448787
  245    0    0       -0.768957583462244
  246    0    0       -0.768158291772995
  247    0    0       -0.767359506969296
  248    0    0       -0.766561308888137
  249    0    0       -0.765763778622131
  250    0    0       -0.764966998525099
  251    0    0       -0.764171052216366
  252    0    0       -0.763376024583640
  253    0    0       -0.762582001784433
  254    0    0       -0.761789071245947
  255    0    0       -0.760997321663379
  256    0    0       -0.760206842996501
  257    0    0       -0.759417726464562
  258    0    0       -0.758630064539315
  259    0    0       -0.757843950936199
  260    0    0       -0.757059480603540
  261    0    0       -0.756276749709737
  262    0    0       -0.755495855628356
  263    0    0       -0.754716896921052
  264    0    0       -0.753939973318241
  265    0    0       -0.753165185697546
  266    0    0       -0.752392636059788
  267    0    0       -0.751622427502636
  268    0    0       -0.750854664191747
  269    0    0       -0.750089451329367
  270    0    0       -0.749326895120344
  271    0    0       -0.748567102735528
  272    0    0       -0.747810182272465
  273    0    0       -0.747056242713361
  274    0    0       -0.746305393880291
  275    0    0       -0.745557746387616
  276    0    0       -0.744813411591546
  277    0    0       -0.744072501536880
  278    0    0       -0.743335128900842
  279    0    0       -0.742601406934068
  280    0    0       -0.741871449398661
  281    0    0       -0.741145370503362
  282    0    0       -0.740423284835867
  283    0    0       -0.739705307292200
  284    0    0       -0.738991553003296
  285    0    0       -0.738282137258713
  286    0    0       -0.737577175427555
  287    0    0       -0.736876782876658
  288    0    0       -0.736181074886083
  289    0    0       -0.735490166561951
  290    0    0       -0.734804172746735
  291    0    0       -0.734123207927083
  292    0    0       -0.733447386139229
  293    0    0       -0.732776820872128
  294    0    0       -0.732111624968429
  295    0    0       -0.731451910523416
  296    0    0       -0.730797788781993
  297    0    0       -0.730149370033966
  298    0    0       -0.729506763507678
  299    0    0       -0.728870077262250
  300    0    0       -0.728239418078547
  301    0    0       -0.727614891349098
  302    0    0       -0.726996600967179
  303    0    0       -0.726384649215234
  304    0    0       -0.725779136652942
  305    0    0       -0.725180162005037
  306    0    0       -0.724587822049282
  307    0    0       -0.724002211504718
  308    0    0       -0.723423422920542
  309    0    0       -0.722851546565806
  310    0    0       -0.722286670320311
  311    0    0       -0.721728879566875
  312    0    0       -0.721178257085316
  313    0    0       -0.720634882948444
  314    0    0       -0.720098834420325
  315    0    0       -0.719570185857116
  316    0    0       -0.719049008610746
  317    0    0       -0.718535370935774
  318    0    0       -0.718029337899643
  319    0    0       -0.717530971296633
  320    0    0       -0.717040329565803
  321    0    0       -0.716557467713139
  322    0    0       -0.716082437238163
  323    0    0       -0.715615286065286
  324    0    0       -0.715156058480038
  325    0    0       -0.714704795070474
  326    0    0       -0.714261532673905
  327    0    0       -0.713826304329076
  328    0    0       -0.713399139234064
  329    0    0       -0.712980062709935
  330    0    0       -0.712569096170278
  331    0    0       -0.712166257096794
  332    0    0       -0.711771559020897
  333    0    0       -0.711385011511474
  334    0    0       -0.711006620168775
  335    0    0       -0.710636386624458
  336    0    0       -0.710274308547771
  337    0    0       -0.709920379657832
  338    0    0       -0.709574589741933
  339    0    0       -0.709236924679829
  340    0    0       -0.708907366473837
  341    0    0       -0.708585893284692
  342    0    0       -0.708272479472982
  343    0    0       -0.707967095646000
  344    0    0       -0.707669708709843
  345    0    0       -0.707380281926593
  346    0    0       -0.707098774976315
  347    0    0       -0.706825144023706
  348    0    0       -0.706559341789122
  349    0    0       -0.706301317623774
  350    0    0       -0.706051017588815
  351    0    0       -0.705808384538092
  352    0    0       -0.705573358204231
  353    0    0       -0.705345875287890
  354    0    0       -0.705125869549795
  355    0    0       -0.704913271905379
  356    0    0       -0.704708010521676
  357    0    0       -0.704510010916241
  358    0    0       -0.704319196057813
  359    0    0       -0.704135486468444
  360    0    0       -0.703958800326840
  361    0    0       -0.703789053572619
  362    0    0       -0.703626160011314
  363    0    0       -0.703470031419771
  364    0    0       -0.703320577651799
  365    0    0       -0.703177706743754
  366    0    0       -0.703041325019908
  367    0    0       -0.702911337197354
  368    0    0       -0.702787646490268
  369    0    0       -0.702670154713292
  370    0    0       -0.702558762383917
  371    0    0       -0.702453368823656
  372    0    0       -0.702353872257867
  373    0    0       -0.702260169914076
  374    0    0       -0.702172158118628
  375    0    0       -0.702089732391630
  376    0    0       -0.702012787539960
  377    0    0       -0.701941217748327
  378    0    0       -0.701874916668251
  379    0    0       -0.701813777504877
  380    0    0       -0.701757693101563
  381    0    0       -0.701706556022186
  382    0    0       -0.701660258631105
  383    0    0       -0.701618693170715
  384    0    0       -0.701581751836605
  385    0    0       -0.701549326850288
  386    0    0       -0.701521310529410
  387    0    0       -0.701497595355533
  388    0    0       -0.701478074039429
  389    0    0       -0.701462639583892
  390    0    0       -0.701451185344105
  391    0    0       -0.701443605085549
  392    0    0       -0.701439793039474
  393    0    0       -0.701439643956011
  394    0    0       -0.701443053154886
  395    0    0       -0.701449916573812
  396    0    0       -0.701460130814583
  397    0    0       -0.701473593186943
  398    0    0       -0.701490201750228
  399    0    0       -0.701509855352861
  400    0    0       -0.701532453669752
  401    0    0       -0.701557897237642
  402    0    0       -0.701586087488435
  403    0    0       -0.701616926780621
  404    0    0       -0.701650318428787
  405    0    0       -0.701686166731315
  406    0    0       -0.701724376996298
  407    0    0       -0.701764855565761
  408    0    0       -0.701807509838210
  409    0    0       -0.701852248289591
  410    0    0       -0.701898980492708
  411    0    0       -0.701947617135156
  412    0    0       -0.701998070035821
  413    0    0       -0.702050252160004
  414    0    0       -0.702104077633237
  415    0    0       -0.702159461753801
  416    0    0       -0.702216321004048
  417    0    0       -0.702274573060540
  418    0    0       -0.702334136803058
  419    0    0       -0.702394932322569
  420    0    0       -0.702456880928100
  421    0    0       -0.702519905152657
  422    0    0       -0.702583928758220
  423    0    0       -0.702648876739764
  424    0    0       -0.702714675328464
  425    0    0       -0.702781251994029
  426    0    0       -0.702848535446262
  427    0    0       -0.702916455635824
  428    0    0       -0.702984943754290
  429    0    0       -0.703053932233478
  430    0    0       -0.703123354744114
  431    0    0       -0.703193146193842
  432    0    0       -0.703263242724597
  433    0    0       -0.703333581709427
  434    0    0       -0.703404101748688
  435    0    0       -0.703474742665725
  436    0    0       -0.703545445501993
  437    0    0       -0.703616152511726
  438    0    0       -0.703686807156051
  439    0    0       -0.703757354096698
  440    0    0       -0.703827739189232
  441    0    0       -0.703897909475853
  442    0    0       -0.703967813177837
  443    0    0       -0.704037399687499
  444    0    0       -0.704106619559878
  445    0    0       -0.704175424504009
  446    0    0       -0.704243767373880
  447    0    0       -0.704311602159053
  448    0    0       -0.704378883975003
  449    0    0       -0.704445569053163
  450    0    0       -0.704511614730711
  451    0    0       -0.704576979440064
  452    0    0       -0.704641622698208
  453    0    0       -0.704705505095764
  454    0    0       -0.704768588285864
  455    0    0       -0.704830834972853
  456    0    0       -0.704892208900843
  457    0    0       -0.704952674842094
  458    0    0       -0.705012198585287
  459    0    0       -0.705070746923699
  460    0    0       -0.705128287643276
  461    0    0       -0.705184789510627
  462    0    0       -0.705240222261013
  463    0    0       -0.705294556586249
  464    0    0       -0.705347764122621
  465    0    0       -0.705399817438827
  466    0    0       -0.705450690023931
  467    0    0       -0.705500356275334
  468    0    0       -0.705548791486876
  469    0    0       -0.705595971836960
  470    0    0       -0.705641874376828
  471    0    0       -0.705686477018940
  472    0    0       -0.705729758525477
  473    0    0       -0.705771698497082
  474    0    0       -0.705812277361669
  475    0    0       -0.705851476363546
  476    0    0       -0.705889277552676
  477    0    0       -0.705925663774209
  478    0    0       -0.705960618658274
  479    0    0       -0.705994126610025
  480    0    0       -0.706026172799982
  481    0    0       -0.706056743154684
  482    0    0       -0.706085824347642
  483    0    0       -0.706113403790678
  484    0    0       -0.706139469625520
  485    0    0       -0.706164010715900
  486    0    0       -0.706187016639894
  487    0    0       -0.706208477682744
  488    0    0       -0.706228384830046
  489    0    0       -0.706246729761376
  490    0    0       -0.706263504844322
  491    0    0       -0.706278703128958
  492    0    0       -0.706292318342794
  493    0    0       -0.706304344886135
  494    0    0       -0.706314777827949
  495    0    0       -0.706323612902173
  496    0    0       -0.706330846504512
  497    0    0       -0.706336475689733
  498    0    0       -0.706340498169410
  499    0    0       -0.706342912310207
  500    0    0       -0.706343717132607
